"Administrative","AdministrativeDuration","Informational","InformationalDuration","ProductRelated","ProductRelatedDuration","BounceRates","ExitRates","PageValues","Weekend","Revenue","SpecialDay","Month","OperatingSystems","Browser","Region","TrafficType","VisitorType"
10,527,3,213,26,994.8222222,0,0.00344086,0,0,0,1,7,3,2,1,2,3
6,51.5,0,0,29,944.9166667,0,0.014285714,49.01914286,1,1,1,7,2,2,4,2,3
9,183.3,2,34,45,2904.922294,0,0.011870748,0,1,0,1,2,1,1,1,8,3
1,10,2,108,89,2114.083333,0,0.011685393,0,0,0,2,7,4,2,1,4,3
0,0,0,0,1,0,0.2,0.2,0,0,0,1,6,3,2,3,1,3
1,5,0,0,21,1342.5,0.01,0.02,0,0,0,1,7,3,2,2,2,3
1,0,0,0,14,1125.875,0,0.042857143,0,0,0,1,8,2,2,1,2,3
0,0,0,0,73,2784.8,0.002739726,0.015317559,6.135982448,1,0,1,8,2,2,5,2,3
2,15,0,0,26,601.7681818,0,0.007407407,0,0,0,5,7,2,4,1,2,1
4,68.75,0,0,137,3770.916071,0.003165468,0.014745252,0,0,0,1,2,2,2,3,1,3
0,0,0,0,1,0,0.2,0.2,0,0,0,1,2,3,2,3,2,3
0,0,2,89,188,5728.673611,0.003409759,0.01638112,0,0,0,1,8,2,2,1,2,3
0,0,3,83,18,511.5,0.00952381,0.028571429,0,0,0,1,7,2,2,6,1,3
4,62.5,0,0,53,1840.369156,0.007407407,0.023148148,46.77831787,0,1,1,2,1,1,2,2,3
6,618.0666667,0,0,50,1342.083333,0,0.004385965,28.06804986,0,1,1,5,2,2,6,11,1
0,0,2,91.2,24,1017.775758,0.052564103,0.049224806,0,1,0,1,8,2,2,9,20,3
0,0,0,0,10,123,0,0.02,0,0,0,1,7,2,2,3,3,3
8,164.4,0,0,33,865.8071429,0,0.012280702,61.61833364,0,1,1,2,2,2,5,2,1
0,0,0,0,12,466.125,0,0.022222222,0,0,0,1,8,3,2,1,3,3
5,246.25,1,9,14,548.25,0.022222222,0.05,0,1,0,1,7,1,1,2,2,3
3,42.2,0,0,18,721.8,0.01,0.02,0,0,1,1,9,3,2,1,1,3
4,226,0,0,81,4836.486905,0.002380952,0.010714286,5.312300227,0,1,1,8,2,2,1,2,3
1,250.8,2,194.4,2,194.4,0,0.05,0,1,0,1,1,2,2,1,6,1
4,80.6,0,0,39,639.4933333,0,0.005,0,0,0,1,8,1,2,1,20,3
0,0,0,0,5,277,0,0.04,0,0,0,1,7,2,2,6,13,3
0,0,0,0,111,3971.515278,0.009009009,0.024725635,0,0,0,1,8,2,2,1,2,3
0,0,0,0,11,382.25,0.018181818,0.063636364,0,0,0,1,2,2,2,3,2,3
0,0,0,0,30,901.2888889,0,0.007333333,34.14841957,0,1,1,2,2,2,7,2,1
2,67,0,0,4,36,0,0.033333333,0,0,0,1,7,2,2,4,1,3
0,0,0,0,6,56.5,0.066666667,0.116666667,0,1,0,1,7,2,6,1,3,3
0,0,0,0,17,376.5166667,0,0.01512605,0,0,0,1,8,2,2,6,2,3
10,131.34,2,38.2,102,6684.520952,0.002181818,0.017363636,4.215363542,0,0,1,10,2,2,5,1,3
0,0,0,0,24,612.2083333,0.016666667,0.026388889,0,0,0,1,2,3,2,3,10,3
0,0,0,0,42,1766.833333,0.023015873,0.062641723,0,0,0,1,8,2,2,1,13,3
0,0,0,0,27,1838.15,0.053205128,0.056282051,0,0,0,1,5,3,2,2,3,3
0,0,1,0,14,101,0.13125,0.16875,0,0,0,4,7,3,2,1,13,3
5,47.33333333,0,0,65,1267.502814,0.004545455,0.021632395,0,0,0,1,8,3,2,1,10,3
2,56.73333333,0,0,33,1091.394074,0,0.003594771,0,1,0,1,9,4,2,3,2,1
1,64.5,0,0,41,961.25,0.0025,0.020714286,0,0,0,1,2,2,2,1,2,1
0,0,0,0,18,1257.946667,0,0.003921569,33.50211155,1,1,1,9,2,2,3,2,3
0,0,0,0,30,2759.833333,0.025,0.064880952,0,0,0,1,7,2,2,6,13,3
1,178,0,0,3,110,0,0.016666667,0,0,0,2,7,3,2,3,4,3
4,55.25,0,0,27,705.5,0,0.007901235,0,0,0,1,8,1,1,9,3,3
0,0,0,0,2,0,0.2,0.2,0,1,0,1,2,1,1,2,1,3
0,0,0,0,15,575.6666667,0.043333333,0.044444444,0,0,0,1,7,2,2,2,2,3
1,10,3,47.66666667,34,944.297619,0,0.0125,0,0,0,1,7,2,2,3,6,3
0,0,0,0,3,47.5,0.1,0.166666667,0,0,0,1,8,3,3,3,1,3
11,828.0526316,6,389.3666667,57,2099.930554,0.003333333,0.009142857,3.29868,0,0,1,6,2,2,1,2,3
0,0,0,0,19,346.1333333,0,0.039473684,0,0,0,1,1,2,2,1,3,3
0,0,0,0,17,465.6666667,0,0.005098039,0,0,0,1,7,3,2,1,2,3
2,45.25,1,0,42,4126.448611,0.000775194,0.013436693,0,0,0,1,2,2,2,7,2,3
2,33.5,0,0,8,556,0,0.015151515,0,1,0,1,2,2,2,1,2,1
4,234.3,0,0,2,11.1,0,0.04,0,1,0,1,9,1,1,8,5,1
0,0,0,0,1,0,0.2,0.2,0,0,0,1,6,3,2,5,1,3
5,35.7,5,95.65,95,2383.139223,0.019666667,0.036723457,0,0,0,1,1,3,2,1,3,3
0,0,0,0,8,135.8333333,0,0.025,0,0,0,3,7,2,2,9,3,3
0,0,1,21,25,525.1666667,0.007692308,0.030769231,0,1,0,1,8,2,2,3,2,1
5,147.4,0,0,12,1226.1,0.022222222,0.037301587,5.034409251,0,1,1,10,3,2,2,1,3
2,178.3,2,148.1,39,2237.775,0.004761905,0.012857143,26.41021956,0,0,1,9,1,1,3,2,3
3,83.8,0,0,20,798.3,0,0.009090909,0,0,0,1,8,1,1,1,3,3
3,249,0,0,8,1046.5,0.04,0.04,0,1,0,1,7,1,1,6,4,1
2,41,0,0,7,139,0.022222222,0.055555556,0,1,0,1,6,2,5,6,2,3
0,0,0,0,3,0,0.2,0.2,0,1,0,1,4,1,1,1,1,3
11,377.8333333,0,0,40,1337.842794,0.008695652,0.022304507,0,1,0,1,6,3,2,3,3,3
4,208.8888889,4,134,37,1335.809127,0.024242424,0.038460744,6.062330164,0,0,1,2,1,1,6,1,3
0,0,0,0,3,167.5,0,0.022222222,0,0,0,2,7,3,2,8,1,3
1,60,1,15,26,670.1666667,0,0.003846154,0,0,0,1,7,2,2,3,4,3
2,30,0,0,176,4126.353297,0.001363636,0.011363949,22.02197159,0,1,4,7,2,2,7,2,3
5,47.07142857,0,0,58,1660.354762,0.003519062,0.018087558,12.59910233,1,0,1,7,2,1,1,3,3
7,93.5,0,0,101,2186.145833,0,0.004807692,32.13922216,0,0,1,8,2,2,1,1,3
8,131,0,0,32,5330.633333,0.008108108,0.051351351,0,1,0,1,1,2,2,2,1,3
9,165.5,0,0,50,2207.391667,0.001724138,0.009972955,15.30003763,1,0,1,6,1,1,4,3,3
0,0,0,0,3,133.5,0.1,0.155555556,0,0,0,3,7,2,4,1,6,3
0,0,0,0,1,19.2,0,0.1,0,1,0,1,1,1,1,1,1,3
0,0,0,0,2,5,0,0.1,0,0,0,1,8,2,4,1,5,1
6,192.5,0,0,14,327,0,0.00625,0,1,0,1,6,1,1,1,9,3
0,0,0,0,15,438.6666667,0.023076923,0.039487179,0,0,0,1,8,1,1,1,3,3
2,22,0,0,25,436.5,0.008,0.024,0,0,0,2,3,2,4,1,1,3
0,0,0,0,6,185.5,0.016666667,0.05,0,0,0,1,2,2,2,3,8,1
2,105.5,1,437.5,55,1984.025,0,0.003486395,0,1,0,1,8,3,2,4,6,3
0,0,0,0,20,2001.833333,0.00952381,0.013492063,0,0,0,1,8,2,2,9,6,3
12,521.075,0,0,83,5124.691667,0,0.011196593,35.25420124,0,0,1,2,2,2,7,6,3
1,69,0,0,25,533.0714286,0,0.026923077,0,0,0,1,7,2,2,7,2,3
0,0,0,0,4,47,0.1,0.15,0,0,0,1,7,2,2,3,3,3
5,69.6,3,53,6,92.7,0,0.02,0,1,0,1,4,2,6,1,3,1
5,60.2,0,0,12,165.4,0.0125,0.041666667,0,0,0,1,1,2,5,3,6,3
5,42.18181818,0,0,12,231.1818182,0,0.01,0,1,0,1,6,2,2,1,2,1
0,0,0,0,13,328.9166667,0,0.014285714,59.79014286,0,1,1,6,3,2,1,3,3
2,29.33333333,0,0,98,2680.828571,0.009183673,0.014160401,16.04860714,0,1,1,7,3,2,3,13,3
2,44,2,53,8,667.6666667,0,0.018181818,56.62363636,1,1,1,7,2,2,1,4,3
1,5,0,0,108,2367.4,0,0.003773585,0,1,0,1,2,2,2,1,2,1
0,0,0,0,15,956.3333333,0.013333333,0.046666667,20.13907622,0,0,1,8,2,2,3,1,3
0,0,0,0,1,0,0.2,0.2,0,0,0,1,8,1,1,6,2,3
5,75.89285714,0,0,51,4522.409524,0.015757576,0.042922078,3.229518182,1,0,6,7,2,2,6,2,3
0,0,0,0,40,587.6911765,0.005,0.020277778,0,0,0,5,7,2,10,1,3,3
4,59.2,0,0,5,38.35833333,0,0.043915344,0,0,0,1,2,3,2,8,2,3
6,108,2,43.66666667,118,3712.8116,0.003252033,0.010310363,8.256572358,1,0,1,7,2,10,3,4,3
1,9,0,0,37,2368.111111,0.030555556,0.053240741,4.760548596,0,0,1,8,1,1,8,1,3
0,0,0,0,1,0,0.2,0.2,0,0,0,1,8,1,2,7,10,3
2,53.5,0,0,16,681.5,0,0.022916667,0,0,0,1,2,2,4,1,2,3
2,7,0,0,63,2219.866667,0.003174603,0.023129252,0,1,0,1,8,2,2,4,2,3
1,19,0,0,22,525.2666667,0,0.007709751,0,0,0,1,6,3,2,7,1,3
0,0,2,43,25,1053.080952,0,0.019786325,6.783,1,0,1,7,2,4,5,4,3
0,0,0,0,5,251,0.04,0.08,0,0,0,1,2,1,1,1,3,3
10,196,0,0,45,939.6333333,0.0125,0.015972222,0,0,0,1,7,1,1,1,3,3
4,140.5833333,2,385,53,1609.990079,0.003571429,0.028928571,7.209305119,1,0,1,2,2,2,5,2,3
9,269.8,0,0,112,2478.622727,0,0.004005848,60.43385263,0,1,2,7,2,2,4,3,3
3,76.5,2,66,16,315.3666667,0,0.014736842,0,1,0,1,7,3,2,1,3,3
2,87.5,0,0,29,1352.133333,0,0.025287356,34.60160214,1,1,1,8,3,2,6,2,3
3,73.2,5,124.2666667,10,239.7,0,0.0025,0,0,0,1,10,2,2,5,1,1
0,0,0,0,1,0,0.2,0.2,0,0,0,1,7,2,2,1,1,3
0,0,0,0,8,110,0,0.0125,0,0,0,1,7,2,5,1,2,3
9,178.52,3,183.2666667,7,205.8566667,0,0.035555556,0,0,0,1,4,2,2,1,2,1
1,6,1,0,45,1582.75,0.043478261,0.050821256,54.17976426,0,0,3,3,3,2,1,1,3
0,0,0,0,18,849.5416667,0,0.00875,0,0,0,1,8,1,1,1,2,3
0,0,0,0,5,20.2,0.18,0.186666667,0,0,0,1,1,3,2,4,20,3
0,0,0,0,8,133,0,0.025,0,1,0,1,7,1,1,1,3,3
3,875,0,0,34,780.7916667,0,0.015675676,0,1,0,1,2,4,2,3,2,3
1,14.5,0,0,24,1277.842857,0,0.016073781,0,1,0,1,8,3,2,1,2,1
9,181.375,0,0,116,4426.650649,0,0.008064516,84.30663844,1,1,1,7,2,2,2,6,3
0,0,0,0,5,47.5,0.08,0.12,0,0,0,1,2,2,2,1,3,3
0,0,0,0,16,588.3333333,0.028571429,0.067857143,0,0,0,5,7,2,6,1,2,3
6,268.95,2,153,139,5286.587577,0.002959159,0.018209889,0,0,0,1,8,1,1,1,3,3
0,0,0,0,5,241,0,0.08,0,1,0,6,7,2,2,5,1,3
0,0,0,0,6,60.25,0.033333333,0.066666667,0,0,1,1,8,2,2,7,3,3
0,0,0,0,8,82.83333333,0,0.00625,0,1,0,1,7,1,1,1,4,3
3,154.5,0,0,21,638.3333333,0,0.047222222,0,0,0,1,7,2,5,4,4,3
2,270,3,228.5,13,2451,0,0.021428571,42.22150549,0,1,1,8,2,2,4,2,3
0,0,0,0,12,213.5,0.016666667,0.033333333,0,0,0,2,7,4,1,1,3,3
3,150,0,0,12,271.3333333,0,0.014285714,0,0,0,1,6,1,1,4,2,1
6,96.85714286,0,0,28,672.5452381,0,0.020707071,19.71468924,0,1,1,6,1,1,2,10,3
1,235,0,0,3,127.6,0,0.025,0,0,0,1,2,2,2,1,2,1
0,0,3,494,164,3269.256933,0.006586826,0.012909664,5.873000789,0,0,1,2,2,2,1,1,3
0,0,0,0,28,1283.75,0.014285714,0.023809524,0,1,0,1,2,2,2,1,2,3
5,73.75,0,0,131,2244.616667,0.005343511,0.017506361,0,0,0,1,8,2,2,1,2,3
0,0,0,0,2,44,0,0.05,0,0,0,1,6,2,4,1,3,3
0,0,0,0,19,806.8333333,0,0.010526316,28.03452632,0,1,2,7,2,2,2,2,3
4,96.8,1,535,9,1888.2,0,0.027272727,0,0,0,1,8,2,2,9,2,3
0,0,0,0,15,275.5,0.004444444,0.031111111,0,0,0,1,8,2,2,3,2,3
1,21.2,0,0,53,2224.633333,0.011538462,0.03514652,0,0,0,1,1,2,2,3,3,3
3,91.83333333,0,0,11,534,0.015384615,0.015384615,44.29661538,0,1,1,7,1,1,1,2,1
0,0,0,0,37,1089.208333,0,0.017117117,0,0,0,1,2,4,2,1,2,1
0,0,1,13.1,62,1918.966667,0.01031746,0.022246642,0,0,0,1,1,2,4,1,4,3
2,39.4,0,0,40,673.65,0,0.014634146,23.76322043,1,1,1,8,4,2,6,3,3
0,0,0,0,4,39,0,0.05,0,0,0,1,7,2,2,8,3,3
0,0,1,416,20,412.8333333,0.019047619,0.038095238,0,0,0,1,7,2,2,3,6,3
3,36.3,0,0,13,309.55,0,0.029166667,0,0,0,1,5,2,2,3,1,3
4,179.6071429,2,5.5,34,1045.102381,0,0.007603276,0,0,0,1,6,1,1,1,3,3
4,91,0,0,4,61,0,0.033333333,0,0,0,1,7,2,2,1,13,3
12,214.05,0,0,33,536.3227273,0.007317073,0.015853659,0,0,0,1,2,1,1,1,2,3
0,0,0,0,1,0,0.2,0.2,0,0,0,1,5,1,8,1,1,3
0,0,0,0,20,678,0,0.03,0,0,0,1,2,2,2,3,10,3
1,169.2,0,0,24,1433.163333,0.008333333,0.006944444,0,1,1,1,1,3,2,3,4,3
0,0,0,0,1,0,0.2,0.2,0,0,0,1,6,1,1,2,1,3
0,0,0,0,15,872.8333333,0,0.026666667,0,1,0,1,6,2,2,2,3,3
0,0,0,0,3,234,0,0.033333333,0,1,0,1,6,1,2,1,2,3
0,0,0,0,4,21,0.1,0.15,0,0,0,4,7,2,2,1,3,3
0,0,0,0,17,391.8666667,0,0.029411765,0,1,0,6,7,2,2,1,1,3
1,20,0,0,21,2179.666667,0,0.002105263,0,1,0,1,7,2,2,1,2,3
1,0,1,37.4,23,1146.5,0.015384615,0.023076923,72.52076923,1,1,1,7,2,4,1,4,3
4,31,1,46,80,1793.777778,0.017857143,0.031725417,0,0,0,4,7,2,2,3,3,3
0,0,0,0,143,4977.850893,0.008732394,0.038977353,0,0,0,1,8,2,2,3,1,3
2,116,0,0,16,1098,0.017647059,0.03627451,0,0,0,1,7,3,2,2,18,3
0,0,0,0,12,592.5,0,0.022222222,0,0,0,1,2,2,2,1,2,3
0,0,0,0,4,1833,0,0.05,0,1,0,1,6,2,5,2,10,3
4,364.3333333,2,19,85,3642.066026,0.007777778,0.029549858,5.052145956,0,0,1,8,2,2,1,1,3
0,0,0,0,2,63.5,0,0.1,0,0,0,1,8,2,4,1,1,3
0,0,0,0,14,1340.75,0,0.015384615,57.58892308,0,1,4,7,4,1,3,4,1
3,238.05,5,1488,104,3275.87381,0.003030303,0.010822511,1.560184165,0,1,1,8,1,1,3,10,3
8,114.5,0,0,36,513.4,0.004166667,0.035238095,16.09065,0,0,4,7,2,2,1,3,3
6,86.32857143,4,24,131,5619.384897,0.01294547,0.035488294,3.61382908,0,0,1,8,3,2,1,2,3
4,196.5,3,72.5,245,7569.248612,0.007646236,0.016468484,4.770910365,1,0,1,8,3,2,1,13,3
2,55,0,0,6,249.5,0,0.033333333,0,0,0,1,6,2,2,7,2,1
0,0,0,0,48,832.0833333,0.038478261,0.064782609,0,0,0,1,2,3,2,1,3,3
0,0,0,0,15,337,0.02,0.032222222,0,0,0,1,4,1,8,1,1,3
0,0,0,0,4,35,0,0.05,0,0,0,1,6,2,2,9,3,3
0,0,0,0,6,270.2142857,0,0.0375,0,0,0,1,7,3,2,9,2,3
0,0,0,0,14,565.3333333,0.037619048,0.04952381,0,0,0,1,6,2,6,3,1,3
1,8,0,0,11,701,0,0.016666667,0,0,0,1,1,2,2,1,2,3
4,67,0,0,60,731.3333333,0.034920635,0.038095238,0,0,0,1,7,2,2,6,3,3
2,34.4,0,0,18,379.6166667,0.035,0.059166667,0,0,0,1,4,2,2,6,1,3
11,201.84,0,0,48,2074.401905,0,0.016071429,7.248757745,0,0,1,1,2,7,3,1,3
5,97,0,0,53,3372.748214,0.003773585,0.002515723,0,0,0,1,2,2,2,7,2,3
4,46.45833333,0,0,82,2875.615909,0,0.007267442,27.75787044,0,1,1,8,2,4,3,1,3
1,27.5,1,376,109,2925.677607,0.005504587,0.0156734,0,0,0,1,8,1,2,3,10,3
2,51,0,0,25,698.8333333,0,0.008727273,0,0,0,1,7,2,10,1,4,3
1,30.2,0,0,30,613.9933333,0.025287356,0.035139573,0,1,0,1,9,1,1,1,1,3
4,46.04166667,4,93.41666667,75,6057.928961,0.01042524,0.019667423,0,0,1,1,8,3,2,1,2,3
0,0,0,0,12,846.25,0,0.018181818,40.4014481,0,1,1,2,2,6,1,6,1
0,0,0,0,48,1916.873737,0.017391304,0.050362319,0,0,0,1,2,2,2,5,1,3
4,54.2,1,33.2,64,1324.68,0,0.003864734,0,0,0,1,5,2,2,1,4,1
8,447.125,3,168.375,142,4777.812554,0.005666252,0.019707705,0,1,0,1,8,3,2,1,1,3
5,154.2,0,0,12,269.5357143,0.004444444,0.006111111,0,0,0,1,1,3,2,1,4,3
6,34,0,0,69,2456.297619,0.001408451,0.003553372,0,0,0,1,7,2,2,3,2,3
0,0,0,0,7,611.0833333,0,0.016666667,0,0,0,1,2,3,2,6,8,1
0,0,1,42.4,61,1140.796667,0,0.002833333,0,0,0,1,5,2,2,6,2,3
2,47.5,0,0,30,735.5833333,0.006896552,0.024137931,23.51024736,0,0,1,2,2,2,2,1,3
4,132,1,23,24,1614.22619,0,0.014285714,0,0,0,1,7,2,2,1,4,3
0,0,0,0,4,32,0,0.075,0,0,0,1,6,3,2,6,1,3
4,91,2,39,16,1280.166667,0,0.004761905,39.81885714,0,1,1,7,2,4,4,4,1
0,0,0,0,1,0,0.2,0.2,0,0,0,1,8,2,4,7,3,3
0,0,0,0,37,638.25,0.005555556,0.016666667,0,0,1,1,8,2,2,4,1,3
0,0,0,0,2,0,0.2,0.2,0,0,0,2,7,2,2,2,13,3
0,0,0,0,21,499.75,0.00952381,0.033333333,0,0,1,1,8,2,4,3,10,3
0,0,0,0,16,280.5,0,0.0125,0,0,0,1,7,4,1,1,3,3
7,97,6,281.5,83,1778.125214,0.007967033,0.019990486,6.626647741,0,0,1,6,2,2,3,3,3
0,0,0,0,5,50.5,0,0.04,0,1,0,1,6,2,2,1,1,3
0,0,0,0,1,0,0.2,0.2,0,1,0,1,6,2,4,1,1,3
0,0,0,0,29,364.1666667,0.020689655,0.01954023,0,0,0,1,7,3,2,1,3,3
8,87.5,0,0,31,496.5833333,0.005405405,0.012612613,3.889459459,0,1,1,6,2,2,7,2,3
9,174.2083333,2,383.75,151,9018.123741,0.012820513,0.02459296,0,1,0,1,8,1,2,1,1,3
1,12,0,0,11,213,0.05,0.066666667,0,1,0,1,8,2,2,4,13,3
3,54,0,0,50,1911.333333,0.004,0.013,109.5876,1,1,1,7,2,2,7,6,3
5,265.2916667,4,191.75,29,991.8270202,0.008823529,0.008921569,0,1,0,1,8,3,2,7,6,3
4,58,2,28.5,82,4729.065909,0,0.014544651,9.055465887,0,1,1,8,2,2,1,2,3
4,82,0,0,17,269,0.034782609,0.046376812,0,0,0,1,4,3,2,1,13,3
0,0,0,0,16,450.8333333,0.04375,0.06875,0,0,0,1,7,2,2,2,1,3
0,0,0,0,1,0,0.2,0.2,0,0,0,1,7,2,2,8,3,3
0,0,0,0,16,666.1,0,0.014285714,0,0,0,1,6,2,2,1,2,1
0,0,0,0,10,392.5,0,0.02,42.83887416,0,1,1,8,1,1,2,2,1
3,86.1,2,28.4,2,5,0,0.033333333,0,0,0,1,4,2,2,1,5,1
5,142.5,1,56,29,1073.5,0,0.016129032,0,0,0,1,7,1,1,5,4,3
3,34,3,66,20,374.4166667,0.033333333,0.076086957,0,0,0,1,2,3,2,1,13,3
3,15,0,0,102,4021.172222,0,0.01,0,1,0,1,8,2,2,1,2,3
0,0,0,0,6,1044,0,0.016666667,0,0,0,1,7,2,2,2,11,3
0,0,0,0,23,662.5,0,0.013043478,0,1,1,1,8,2,2,6,2,1
0,0,0,0,2,0,0.2,0.2,0,0,0,1,5,1,1,3,2,3
0,0,0,0,4,36.5,0,0.05,0,0,0,1,6,2,2,7,1,3
2,15,0,0,19,523.25,0.0375,0.046666667,28.18955966,0,1,1,8,3,2,1,8,3
7,150.3571429,1,9,221,11431.00124,0.011148992,0.021904109,1.582473154,1,1,1,8,2,5,1,2,3
12,240.2,0,0,90,1221.853846,0.002061856,0.014387171,1.722164948,0,0,1,7,2,4,1,4,3
2,12,0,0,8,60,0,0.02,0,1,0,1,6,2,2,3,2,1
14,524.95,2,248.3333333,133,5948.998311,0.005957447,0.008289956,0,0,0,1,2,1,1,1,10,3
9,97.64285714,0,0,37,584.5958874,0.005128205,0.013043478,0,1,0,1,6,2,4,1,3,3
1,116,0,0,22,1245.6,0.008695652,0.030434783,27.81913043,1,1,1,7,1,1,3,4,3
0,0,0,0,15,221,0,0.035555556,0,0,0,1,7,2,4,1,1,3
0,0,0,0,59,2886.841667,0,0.025574713,0,0,0,1,8,2,2,3,2,3
0,0,0,0,3,16,0,0.066666667,0,0,0,4,7,2,2,5,1,3
9,236.8,0,0,240,5523.926505,0,0.001197045,20.62387076,0,1,1,9,2,5,4,20,3
0,0,0,0,6,415,0,0.033333333,0,0,0,3,3,1,1,3,2,3
10,253.9,7,218,91,2869.788095,0.002,0.005452381,0,0,0,1,7,3,2,3,4,3
9,296.1166667,1,26.5,79,5057.175,0.002298851,0.022687466,17.78922266,0,1,1,8,2,2,1,10,3
2,15.2,0,0,22,244.2,0.027272727,0.063636364,0,1,0,1,1,2,2,7,1,3
5,44.2,5,801.8,12,235.3,0.002777778,0.035925926,0,0,0,1,1,2,2,2,2,3
4,53.75,0,0,41,1130.80754,0.019047619,0.018783069,0,0,0,1,2,3,2,1,2,3
8,288.0875,0,0,20,326.9277778,0.033333333,0.059464286,0,1,0,1,2,3,2,1,1,3
0,0,0,0,28,447,0,0.033333333,0,0,0,1,8,2,2,7,10,3
3,95.83333333,6,303.65,13,438.3833333,0,0.016666667,0,1,0,1,5,4,1,1,2,3
3,202.1333333,0,0,23,721.1833333,0,0.008,0,0,0,1,10,1,1,1,2,1
4,82,0,0,13,242,0,0.018181818,31.98,0,1,1,7,1,2,8,3,3
0,0,0,0,58,3200.366667,0.003448276,0.027586207,0,0,0,1,6,2,2,6,1,3
0,0,2,21,17,190.7083333,0.022222222,0.039259259,0,1,0,1,8,3,2,1,13,3
3,208,0,0,16,1037.819444,0.020833333,0.028125,0,1,0,1,8,1,1,1,8,3
4,206.6,0,0,6,282.8,0.025,0.025,0,0,0,1,10,3,2,3,5,3
0,0,0,0,1,0,0.2,0.2,0,1,0,1,2,2,2,5,2,3
1,25,0,0,28,2258.833333,0.007142857,0.046428571,0,1,0,1,6,2,2,3,3,3
0,0,0,0,11,543.3,0.018181818,0.036363636,0,1,0,6,7,3,2,2,1,3
6,162.7,6,205,52,2983.358135,0.010112994,0.017261259,17.4767153,0,0,1,8,3,2,4,2,3
0,0,0,0,8,101.8333333,0,0.058333333,0,0,0,1,8,2,2,3,2,3
0,0,0,0,17,392.1666667,0.011764706,0.023529412,0,0,0,2,7,1,1,1,1,3
3,63,0,0,10,142.6666667,0,0.015384615,0,1,0,1,6,2,2,7,2,1
0,0,0,0,2,31.2,0,0.1,0,0,0,1,1,3,2,1,3,3
0,0,1,18,36,833.0833333,0.032432432,0.055225225,0,1,0,6,7,1,1,7,3,3
1,5,0,0,41,764.1333333,0,0.014444444,0,0,0,1,5,2,2,1,4,3
0,0,0,0,16,1011,0,0.025,0,0,0,1,6,2,2,1,1,3
0,0,0,0,30,1643.958333,0.02,0.075555556,0,0,0,1,2,2,2,1,1,3
0,0,0,0,7,343.25,0,0.028571429,49.36350729,1,1,1,8,2,2,2,7,3
4,120.9,0,0,7,534,0,0.02962963,0,0,0,1,1,2,2,7,2,3
0,0,4,52.5,38,2533.008333,0,0.026190476,0,0,0,1,2,2,4,4,2,3
0,0,0,0,7,87.71428571,0.042857143,0.089285714,0,0,0,1,6,3,2,1,3,3
7,285.7,0,0,28,587.9228571,0,0.00962963,10.57326688,0,1,1,8,1,1,6,3,3
0,0,0,0,21,304.5416667,0.00952381,0.023809524,0,0,0,1,2,2,2,3,10,3
0,0,0,0,26,409.3,0.007692308,0.038461538,0,0,0,1,4,1,1,1,1,3
0,0,0,0,13,1041.75,0.018181818,0.027272727,0,0,0,1,2,2,2,5,2,3
1,4,0,0,18,631.6666667,0,0.027777778,56.32466667,0,1,1,7,2,2,1,3,3
0,0,0,0,7,267,0,0.033333333,0,0,0,2,7,2,2,7,1,3
1,41,0,0,37,1501.166667,0,0.019298246,15.249,0,1,3,7,2,6,1,3,3
1,11,1,0,12,91.75,0,0.038095238,0,0,0,1,8,1,1,1,3,3
9,122.2,0,0,51,2303.96,0.019496855,0.036855346,0,0,0,1,1,2,4,4,2,3
1,52.4,0,0,13,447.2,0,0.007692308,42.30391708,1,1,1,1,1,1,1,20,3
2,47.4,0,0,14,478.6,0.04375,0.079166667,0,1,0,1,4,4,1,1,4,3
4,59.53333333,0,0,13,183.65,0,0.011764706,0,0,0,1,10,2,2,9,2,1
0,0,0,0,1,0,0.2,0.2,0,0,0,1,8,2,10,3,1,3
0,0,0,0,7,203.5,0,0.033333333,0,1,0,1,6,1,1,1,9,1
1,46.5,0,0,14,398.9791667,0,0.014285714,116.3378652,0,1,1,2,8,13,9,20,2
1,6,0,0,10,506.4,0,0.02,0,1,0,1,10,1,1,3,5,1
0,0,0,0,20,197.3777778,0.025,0.0525,0,0,0,1,3,2,6,6,1,3
0,0,0,0,3,44.5,0.066666667,0.133333333,0,0,0,1,2,2,2,9,3,3
3,77.5,0,0,35,1000.8,0,0.013888889,0,0,0,1,2,4,2,1,6,3
9,183.5,2,29.66666667,52,2211.608333,0.008888889,0.010251724,1.816474074,0,1,1,6,4,2,1,2,3
4,139,1,146,26,1740.45,0.016666667,0.03,0,1,0,1,7,1,1,6,2,3
4,118.7,0,0,3,89.5,0,0.047619048,0,0,0,1,8,3,2,1,4,3
9,233.6224044,0,0,35,1941.066667,0.01255814,0.02917153,0,0,0,1,1,3,2,7,2,3
2,82,0,0,4,57,0,0.033333333,0,0,0,1,2,2,4,3,2,1
0,0,0,0,8,203,0.0125,0.0375,0,1,0,1,7,2,2,5,2,3
4,381.8,0,0,1,31.2,0,0.04,0,1,0,1,10,2,4,4,2,3
0,0,0,0,13,96.5,0.030769231,0.076923077,0,0,0,1,6,2,6,4,1,3
3,226.9545455,0,0,57,4895.022989,0.003333333,0.023321256,0,0,0,1,7,2,2,1,13,3
0,0,0,0,20,545.1,0.01,0.031666667,0,0,0,1,4,3,2,8,4,3
0,0,0,0,1,0,0.2,0.2,0,1,0,6,7,1,1,4,1,3
0,0,0,0,59,1309.658333,0.017241379,0.030879354,0,0,0,1,2,3,2,3,1,3
1,10,0,0,11,753.5,0.02,0.04,0,0,0,1,8,2,2,2,2,3
1,73,0,0,23,1280.45,0,0.008695652,36.54680355,0,1,1,2,2,4,1,2,1
4,118.8,0,0,11,805.5,0,0.033333333,0,0,0,1,9,1,1,9,3,3
0,0,0,0,7,221.5,0,0.028571429,0,0,0,1,6,4,1,1,3,3
0,0,0,0,19,370.3809524,0,0.007894737,0,0,0,1,6,1,1,1,2,3
3,36.5,0,0,11,496.25,0,0.026190476,0,0,0,1,2,2,2,1,8,3
2,40.5,1,4,19,472.5416667,0,0.005,0,0,0,1,8,1,1,4,2,3
0,0,0,0,1,0,0.2,0.2,0,1,0,1,2,1,1,4,1,3
0,0,0,0,49,1571.12381,0.004255319,0.010638298,0,1,0,1,4,2,2,8,4,1
5,72.5,0,0,16,1154.766667,0.005263158,0.026315789,0,1,0,1,7,2,4,1,2,3
0,0,0,0,56,4377.983333,0.004285714,0.022295918,0,0,0,5,7,4,1,1,4,3
5,526.85,4,143.25,266,9770.812093,0.007348856,0.024720163,0.245152903,1,0,1,8,2,4,4,2,3
9,89.16666667,4,94.875,10,138.4166667,0,0.013333333,0,0,0,1,8,2,2,3,2,1
0,0,0,0,14,340,0,0.015384615,23.388,1,1,1,7,2,2,3,1,3
14,1261.916667,12,985.4190476,30,1956.022222,0.0030839,0.022907353,0,0,0,4,7,2,2,3,2,3
2,66,1,0,10,302,0.042857143,0.05952381,19.53495497,0,1,1,6,2,6,3,2,3
4,26.75,1,0,20,1029.25,0.021153846,0.03974359,0,0,0,1,8,1,1,1,2,3
14,1097.016667,1,291.2,68,4100.255455,0.007631579,0.025614035,18.42740587,0,0,1,1,1,1,3,3,3
0,0,0,0,20,837.25,0.015,0.041666667,0,0,0,1,2,6,5,1,1,3
7,134.625,0,0,14,1010.375,0.011764706,0.058823529,0,0,0,1,8,2,2,1,1,3
1,0,0,0,15,541.0625,0.052380952,0.093809524,0,0,0,1,2,2,4,5,1,3
1,2,1,0,77,2476.154789,0.005128205,0.02648199,0,0,1,1,2,2,2,1,2,3
0,0,2,36.5,41,1383.661111,0.002790698,0.011436389,0,0,0,1,2,1,1,1,2,3
4,171,0,0,20,745.3333333,0.00952381,0.028571429,0,0,0,1,6,2,2,1,10,3
0,0,0,0,4,133.5,0,0.025,0,0,0,1,2,4,2,1,2,1
0,0,0,0,2,9,0,0.066666667,0,0,0,1,8,2,2,8,6,3
6,245.4666667,0,0,57,1575.216667,0.006896552,0.030172414,0,0,0,1,7,4,2,3,6,3
0,0,0,0,28,534.5833333,0,0.021428571,0,1,0,6,7,2,4,4,1,3
0,0,0,0,51,507.5,0.007843137,0.011671335,12.01221257,1,1,1,9,3,2,1,1,3
0,0,1,0,28,2743.216667,0.020689655,0.042528736,0,0,0,1,6,2,5,2,1,3
0,0,0,0,9,462.5,0.075,0.0875,0,0,0,1,7,1,1,3,3,3
0,0,0,0,1,0,0.2,0.2,0,0,0,1,3,1,1,1,1,3
3,31,0,0,58,1400.438961,0,0.005951036,0,0,0,1,6,2,2,1,1,3
3,199.75,0,0,8,331.4,0,0.003333333,0,0,0,1,6,3,2,2,10,1
3,68.5,0,0,37,1121.205556,0.005405405,0.00113798,0,1,0,1,6,1,1,1,2,3
3,40,0,0,9,1362,0,0.008333333,0,0,0,1,6,2,2,7,6,3
0,0,0,0,20,1117.333333,0,0.000956938,0,0,0,1,6,2,4,7,2,3
0,0,0,0,9,388,0.066666667,0.088888889,0,0,0,1,6,3,2,2,1,3
3,28.65,0,0,9,75.05,0.066666667,0.111111111,0,0,0,1,10,3,2,4,3,3
0,0,0,0,27,520,0,0.003703704,0,0,1,1,8,8,2,3,20,1
0,0,0,0,1,27.2,0,0,58.37208988,0,1,1,8,2,2,4,20,3
12,203.28,4,241.7,47,1975.125,0.003636364,0.015186147,0,0,0,1,8,4,2,4,2,3
1,13,0,0,13,220.3333333,0,0.002197802,0,0,0,1,7,2,2,8,16,3
0,0,0,0,21,331.0833333,0.00952381,0.042857143,0,0,0,1,2,2,2,1,2,3
0,0,0,0,48,476.3600939,0.000694444,0.028639403,0,0,0,1,1,1,1,1,2,3
0,0,1,0,12,645.9166667,0,0.05,0,0,0,1,6,1,1,1,2,3
0,0,0,0,19,620.0333333,0,0.007894737,0,0,0,1,3,1,1,4,2,3
2,107,0,0,3,56,0,0.04,0,0,0,1,6,1,1,3,2,1
7,170,0,0,27,1342.666667,0.003333333,0.023333333,29.35629782,0,1,1,6,2,2,1,3,3
0,0,0,0,12,459,0,0.02,0,0,0,1,6,2,4,3,1,3
0,0,0,0,4,69,0,0.05,0,0,0,1,8,3,2,1,3,3
0,0,0,0,21,947,0.01,0.02,55.8486,1,1,1,7,2,2,1,5,1
0,0,0,0,6,157.5,0,0.016666667,0,0,0,1,8,2,2,7,13,3
0,0,0,0,14,343.52,0,0.028571429,0,1,0,1,4,3,2,8,1,3
3,115.125,0,0,46,909.522619,0.004255319,0.020449173,0,0,0,1,6,2,2,6,1,3
4,191,0,0,45,2171.174592,0,0.017931489,0,0,0,3,7,2,4,7,6,3
0,0,0,0,9,257.9,0.011111111,0.044444444,0,1,0,1,5,1,1,1,20,3
3,94.6,0,0,17,265.5,0,0,0,0,0,1,9,2,2,1,2,1
10,81.36666667,0,0,7,35.16666667,0,0.006060606,0,0,0,1,8,2,7,8,3,3
0,0,0,0,7,87,0,0.028571429,0,0,0,1,2,8,13,9,20,2
3,103.6,0,0,1,7,0,0.04,0,0,1,1,8,3,2,1,5,1
3,94.7,0,0,20,366.6166667,0.009090909,0.004545455,0,0,0,1,4,1,1,2,4,1
3,38,0,0,12,279.0833333,0,0.038461538,0,0,0,1,8,1,1,8,2,3
3,281.9166667,2,6,83,2616.905952,0.002409639,0.033978772,0,1,1,1,8,2,2,3,2,3
0,0,0,0,3,98,0,0.066666667,0,0,0,1,8,4,1,6,2,3
0,0,0,0,1,0,0.2,0.2,0,0,0,1,1,2,5,7,1,3
6,93.9,0,0,19,323.3740476,0.024242424,0.032223645,19.39995042,1,0,1,10,2,2,3,1,3
0,0,0,0,11,976,0,0.033333333,0,0,0,1,7,2,2,1,1,3
3,145.2,0,0,28,425.0969048,0,0.002380952,0,1,0,1,9,3,2,7,11,1
1,0,0,0,35,499.4,0.011764706,0.028151261,0,1,0,1,6,2,2,3,1,3
0,0,0,0,14,406.8666667,0,0.007142857,0,0,0,1,6,2,4,1,1,3
0,0,0,0,11,547.5,0.018181818,0.024747475,0,1,0,6,7,3,3,3,1,3
0,0,0,0,2,42,0,0.05,0,0,0,1,6,2,2,6,3,3
12,569.825,0,0,127,6065.016218,0.006716418,0.009265038,0.152167439,0,1,1,1,1,1,2,4,3
0,0,0,0,2,47.4,0,0.066666667,26.85210163,0,1,1,9,3,2,7,4,3
2,353,0,0,24,2874.083333,0.025,0.025357143,0,0,0,1,7,2,2,3,6,3
8,293,0,0,12,399.0666667,0.003030303,0.010606061,37.86167396,0,1,1,8,4,1,3,3,3
0,0,0,0,16,142.5,0.0375,0.08125,0,0,0,1,7,2,2,1,4,3
1,69.5,0,0,16,895.8095238,0,0.004444444,32.14213333,0,1,4,7,3,2,2,6,3
0,0,0,0,24,805,0,0.008695652,53.988,1,1,1,7,2,2,1,2,1
1,45,0,0,10,413,0,0.009090909,0,1,0,1,6,2,4,1,1,3
1,11,0,0,15,175.75,0,0.025,0,0,0,1,8,1,1,2,2,1
0,0,0,0,13,182.25,0.046153846,0.076923077,0,0,0,1,2,2,2,1,1,3
2,19.4,3,45.26666667,10,136.0666667,0,0.052857143,0,0,0,1,10,2,2,1,5,3
4,118.5,1,8.5,62,2910.632251,0.005833333,0.017587302,25.05062136,0,1,1,8,3,2,1,2,3
0,0,0,0,13,157,0,0.015384615,0,0,0,1,8,2,2,5,2,3
4,70.5,0,0,20,1298,0,0.018666667,40.76128,0,0,1,6,2,2,3,2,1
0,0,0,0,1,12,0,0.1,0,1,0,1,7,1,1,4,1,3
7,217.8333333,1,23.5,18,338.1272727,0,0.014393939,0,0,0,1,6,3,2,1,10,3
0,0,0,0,24,607.9666667,0,0.004166667,19.47465798,0,1,1,8,4,1,1,2,1
0,0,0,0,36,808.0833333,0,0.007619048,53.10142857,0,1,1,7,2,2,6,4,3
2,683,0,0,16,1215.766667,0,0.005882353,30.57647059,0,1,1,7,2,2,1,4,1
0,0,0,0,4,39.8,0,0.05,0,0,0,1,1,1,1,1,3,1
0,0,0,0,39,1294.599603,0.002702703,0.011568387,0,1,0,1,8,3,2,1,20,3
0,0,0,0,15,264.0833333,0,0.02,0,0,0,1,8,2,2,2,1,3
6,450.4,0,0,6,72.9,0,0.028571429,0,0,0,1,7,2,2,9,5,1
3,53.25,1,77,198,3057.809524,0,0.002734559,11.97910693,1,1,1,7,4,1,5,1,3
0,0,0,0,6,224,0,0.011111111,0,1,0,1,7,1,1,1,3,3
2,123,0,0,14,239,0,0.0125,0,1,0,1,6,2,2,1,2,1
0,0,0,0,15,827.1666667,0.013333333,0.046666667,0,0,0,1,2,1,1,8,20,3
2,30,1,148.5,24,1530.194444,0.007407407,0.014814815,10.10222222,0,0,1,6,1,1,1,10,3
0,0,0,0,11,219.5,0.018181818,0.046060606,0,0,0,4,7,1,1,3,3,3
0,0,0,0,5,325.1666667,0,0.056,0,0,0,1,8,1,1,3,3,3
3,160.5,0,0,10,370.5,0,0.016666667,0,0,0,1,6,1,1,7,10,3
0,0,0,0,4,103.8,0.1,0.15,0,0,0,1,4,1,1,1,1,3
1,19.2,0,0,3,60.6,0,0.033333333,0,0,0,1,9,2,2,6,6,1
1,8,0,0,6,189.75,0,0.019047619,0,0,0,1,8,1,1,7,2,3
0,0,0,0,7,165,0.042857143,0.1,0,0,0,1,6,2,2,2,3,3
9,319.8333333,1,18,10,332.3333333,0,0.015384615,0,0,0,1,2,1,1,5,2,3
0,0,0,0,4,75.4,0.1,0.125,0,0,0,1,8,3,3,1,3,3
5,224.8,0,0,30,974.9,0.00625,0.0140625,25.11150884,0,0,1,8,2,2,4,4,3
3,80,0,0,32,931.5,0.008823529,0.023529412,51.11722549,0,0,1,7,2,2,1,1,3
0,0,0,0,2,0,0.2,0.2,0,0,0,1,9,1,2,2,5,3
3,52,0,0,56,2145.563492,0.011403509,0.025292398,13.11733918,0,1,1,7,2,2,1,14,3
0,0,0,0,23,180.5,0.009090909,0.036363636,0,1,0,1,8,2,2,1,7,3
2,7,0,0,3,11,0,0.033333333,0,0,0,1,7,4,5,1,4,3
1,55.5,0,0,8,158.25,0,0.022222222,0,0,0,1,8,2,2,3,10,3
1,102.5,0,0,5,97,0,0.011111111,0,1,0,1,6,3,2,1,9,1
3,112,0,0,20,1187.5,0,0.016666667,26.8752,0,0,1,7,2,2,1,4,3
2,43.72727273,0,0,59,3354.078463,0.012307692,0.026494505,9.005310781,0,1,1,8,2,2,3,1,3
9,272.0416667,6,502.75,33,3239.418207,0.02,0.025011905,17.02873771,0,0,1,2,1,1,1,2,3
7,156.25,0,0,37,1037.355013,0,0.0165,0,0,0,1,6,3,2,8,2,3
2,241.6,0,0,28,920.7,0,0.015555556,0,0,0,1,8,1,8,3,20,3
0,0,0,0,2,0,0.2,0.2,0,0,0,4,7,3,2,6,13,3
3,189.4,4,130.76,93,3856.82978,0.037525773,0.06218704,7.542144271,0,0,1,5,2,2,1,1,3
0,0,0,0,35,806.125,0.012121212,0.024444444,0,0,0,1,8,1,1,4,2,3
0,0,0,0,19,741.8333333,0,0.019298246,0,0,0,1,7,2,2,1,4,3
3,16,6,137.8333333,15,1605.583333,0.011594203,0.037267081,0,0,1,1,8,2,10,1,2,3
0,0,0,0,2,56,0,0.1,0,0,0,1,6,3,2,1,1,3
9,210.625,3,143.5,167,8249.106771,0.006940472,0.021347061,2.907879344,0,1,1,8,1,1,1,10,3
0,0,0,0,1,0,0.2,0.2,0,0,0,1,7,1,1,3,15,3
0,0,0,0,8,846.6,0.022222222,0.022222222,24.61778468,0,1,1,8,1,1,7,5,1
0,0,0,0,5,42.2,0,0.04,0,0,0,1,5,2,2,3,1,3
4,104.5,4,261.8333333,13,214.6922078,0.033333333,0.028759666,0,1,0,1,7,3,2,1,2,3
0,0,3,38.5,97,1835.556213,0.019984314,0.031314735,0,1,0,1,8,1,1,3,2,3
3,61.66666667,0,0,40,2872.916667,0,0.011965812,22.20401709,0,0,1,7,2,4,3,6,3
6,72.01960784,4,343,157,4461.28524,8.08e-05,0.007018826,31.85608032,0,1,1,2,2,4,3,2,3
0,0,0,0,19,1065.9,0.016666667,0.04021164,0,1,0,6,7,1,1,1,6,3
0,0,0,0,68,1212.441667,0.002898551,0.014381271,64.4161607,0,0,1,8,4,1,1,1,3
0,0,0,0,6,604,0,0.04,0,0,0,1,8,1,1,2,2,1
0,0,0,0,33,1132.791667,0.009090909,0.047474747,0,0,0,1,2,4,1,3,1,3
2,70.5,0,0,20,855.6666667,0,0.013157895,0,0,0,1,8,2,2,9,20,1
0,0,0,0,26,1380.833333,0,0.018055556,0,0,0,1,7,2,6,4,13,3
2,143.25,0,0,38,2508.413853,0,0.00745614,54.16451768,0,1,1,8,2,2,7,2,3
3,96,0,0,12,175.175,0.02,0.031111111,0,0,0,1,2,3,2,8,2,1
7,105.4666667,0,0,44,778.9666667,0,0.004166667,37.92414395,0,1,1,1,2,2,6,2,1
1,36,0,0,19,1661.75,0,0.023529412,0,0,0,1,7,2,2,3,1,3
0,0,0,0,3,0,0.2,0.2,0,0,0,5,7,3,2,1,3,3
3,107.2083333,0,0,17,513.25,0,0.012030075,17.54619116,0,1,1,8,2,2,1,10,3
0,0,0,0,16,838.1666667,0.0125,0.034375,0,0,0,1,7,1,1,2,4,3
0,0,0,0,1,0,0.2,0.2,0,0,0,1,6,1,1,3,3,3
6,102.4,2,44.4,33,688.3142857,0,0.022222222,0,0,0,1,10,2,2,3,3,3
1,75,4,250.6666667,44,1679.833333,0,0.001086957,45.8293144,1,1,1,6,2,2,1,2,1
0,0,0,0,7,323.5,0,0.057142857,0,0,0,1,7,2,2,1,5,1
0,0,0,0,57,2167.126924,0.008181818,0.017137357,12.360043,1,1,1,8,3,2,3,1,3
4,98.6,0,0,10,63.6,0.090909091,0.090909091,0,0,0,1,10,1,1,4,3,3
3,92.6,0,0,9,626.6,0,0.024242424,0,1,0,1,8,2,2,5,2,3
0,0,0,0,17,664.5,0,0.011764706,0,0,0,1,8,4,1,9,2,3
3,25.57142857,1,0,15,2026.47619,0.011764706,0.07254902,0,0,0,1,7,4,1,1,1,3
0,0,0,0,16,381.2142857,0.0125,0.022395833,0,0,0,1,8,3,2,1,2,3
0,0,0,0,23,383,0.031818182,0.047575758,0,1,0,1,7,1,1,1,4,3
1,6,0,0,6,45.5,0.057142857,0.114285714,0,0,0,1,6,1,1,3,3,3
1,27.2,0,0,71,1722.721127,0.005555556,0.034027778,0,1,0,1,4,2,2,7,1,3
6,408.2,0,0,33,878.6238095,0,0.02045045,19.3654955,0,1,1,6,2,2,1,2,3
0,0,0,0,6,172.2083333,0.033333333,0.044444444,0,0,1,1,2,3,2,6,2,1
8,46.875,3,10,111,5358.375439,0,0.011957672,10.21771151,0,1,1,8,2,2,1,11,3
4,49.2,0,0,3,22,0,0.025,0,0,1,1,8,2,2,3,2,1
0,0,1,0,48,1062.812542,0,0.027253521,0,0,0,1,10,1,1,4,2,3
0,0,0,0,1,0,0.2,0.2,0,0,0,1,8,3,2,3,13,3
0,0,0,0,27,807.8333333,0.022222222,0.041975309,0,0,0,1,6,2,2,3,1,3
8,223.375,0,0,37,3152.5,0,0.011965812,13.25001247,0,1,1,2,3,2,3,2,3
0,0,0,0,39,3413.833333,0.005128205,0.028205128,0,0,0,3,7,4,1,9,3,3
2,75.6,2,652.8,10,1143.666667,0,0.023333333,0,0,0,1,1,2,2,4,2,3
7,84.66666667,2,60,110,5343.049577,0.00877193,0.029643028,0,0,0,5,7,1,1,1,2,3
0,0,0,0,43,898.2388889,0.007317073,0.031707317,8.898618695,0,1,1,8,2,4,1,10,3
0,0,0,0,5,1144,0.12,0.133333333,0,1,0,6,7,1,1,4,3,3
0,0,0,0,20,457.5833333,0.022222222,0.044444444,0,1,0,1,7,2,2,9,4,3
7,199.85,0,0,39,1267.453333,0.004761905,0.020634921,17.92758699,0,0,1,8,2,4,1,4,3
0,0,0,0,1,0,0.2,0.2,0,0,0,1,4,3,2,4,1,3
1,120.5,0,0,75,1677.805952,0.006578947,0.023128655,0,0,0,1,2,2,2,1,1,3
5,110.3,1,21.8,78,3621.606667,0,0.006024096,18.78186098,0,0,1,4,2,4,4,1,3
2,21.33333333,0,0,3,45.33333333,0,0.0125,0,1,0,1,7,3,2,4,4,3
1,120,1,85,33,616.4333333,0,0.005714286,0,0,0,1,7,2,2,5,2,1
0,0,0,0,12,1145.416667,0.009090909,0.048484848,0,1,0,1,8,3,2,8,10,3
0,0,0,0,4,228.5,0.033333333,0.03,0,0,0,3,7,3,2,6,1,3
0,0,0,0,5,200.9333333,0,0.08,0,0,0,1,2,3,2,1,6,3
0,0,0,0,2,130,0,0.05,0,0,0,1,7,4,1,1,3,3
0,0,0,0,6,212,0.026666667,0.03968254,0,0,0,1,6,3,2,3,1,3
6,214,0,0,27,830.1041667,0,0.021428571,0,0,0,1,2,1,1,2,2,3
2,105.75,0,0,19,1124.888889,0.010526316,0.028229665,0,1,0,1,8,3,2,9,2,3
0,0,0,0,3,62,0,0.066666667,0,0,0,5,7,3,2,8,2,3
3,173.9444444,0,0,14,890.5277778,0,0.028571429,52.74177636,0,1,1,2,4,5,5,10,3
0,0,0,0,34,1070.098072,0.018627451,0.027103099,0,0,0,1,4,3,2,7,1,3
0,0,0,0,15,440,0,0.033333333,0,0,0,5,7,4,1,4,2,3
0,0,0,0,23,1202.75,0,0.004545455,0,1,0,1,2,8,13,9,20,2
0,0,0,0,40,952.9666667,0.001666667,0.016666667,0,0,0,1,6,1,1,2,2,3
5,145,2,349,33,2161.133333,0.012820513,0.044786325,16.58165201,0,1,1,8,2,2,7,1,3
3,135.5,0,0,30,2040.166667,0,0.022727273,4.350513745,0,1,1,2,2,2,8,2,3
0,0,0,0,2,59,0,0.1,0,0,0,1,7,2,2,7,4,3
0,0,0,0,4,18.2,0.15,0.15,0,0,0,1,10,3,2,1,13,3
3,123.5,1,0,22,759.5833333,0,0.0096,46.6785275,0,1,1,8,1,1,3,2,3
1,18,2,13,20,1287.27381,0.015873016,0.038095238,0,0,0,1,8,3,2,4,2,3
0,0,0,0,1,0,0.2,0.2,0,0,0,1,6,2,2,4,1,3
0,0,0,0,4,46.25,0,0.1,0,0,1,1,8,1,1,1,2,3
2,14,0,0,8,57,0,0.057142857,0,0,0,1,6,1,2,4,8,1
0,0,0,0,5,1620,0.14,0.166666667,0,0,0,1,6,2,2,1,1,3
1,0,0,0,8,534.875,0.008888889,0.074074074,0,0,0,1,8,2,2,1,10,3
8,115.7,0,0,24,2159.5,0,0.022857143,0,0,0,1,10,2,2,5,2,3
11,267.1666667,0,0,39,881.4416667,0.004166667,0.011458333,20.11751289,0,0,1,6,2,2,3,1,1
1,26,0,0,16,638.8333333,0,0.0125,20.26155684,0,0,1,6,2,4,2,2,1
0,0,1,78,18,570.3333333,0,0.015686275,0,1,0,1,7,4,1,1,4,3
0,0,0,0,5,720.5,0.16,0.18,0,0,0,1,8,3,2,2,13,3
6,158.6704505,1,430.2,146,5602.006712,0.002671513,0.00935218,6.711290592,0,1,1,8,2,10,7,2,3
0,0,0,0,4,95,0,0.05,0,0,0,1,2,8,13,9,20,2
0,0,0,0,19,439.8333333,0.005555556,0.003703704,0,0,0,1,6,1,1,7,2,1
0,0,0,0,57,3696.225342,0.007017544,0.037615417,0,1,0,1,8,3,2,1,2,3
0,0,0,0,30,480.25,0.007777778,0.025,0,0,0,1,6,2,2,7,1,3
2,21,0,0,27,694,0.007142857,0.014285714,0,0,0,5,7,2,2,1,2,3
1,6,0,0,2,15,0,0.066666667,0,0,0,1,9,2,2,9,4,3
2,112.8,0,0,27,1555.967143,0,0.001724138,44.85638692,0,1,1,8,1,1,4,2,1
4,59.4,0,0,19,157.2,0.010526316,0.021052632,0,1,0,1,10,2,5,3,2,1
0,0,2,38.2,121,3362.749679,0.025170765,0.042322417,4.212415755,0,0,1,4,1,1,1,3,3
0,0,2,52,12,699.25,0.023809524,0.028571429,0,0,0,1,7,1,1,3,3,3
0,0,0,0,7,116.5,0.028571429,0.057142857,0,1,0,1,7,1,1,3,3,3
1,64,0,0,15,188.5,0,0.007142857,0,0,0,1,7,2,4,2,2,3
0,0,0,0,1,0,0.2,0.2,0,0,0,1,8,1,1,1,1,1
0,0,0,0,6,34,0.133333333,0.166666667,0,0,0,3,7,3,2,4,13,3
0,0,0,0,16,530.625,0,0.0125,0,1,0,1,8,2,5,3,3,3
0,0,0,0,28,2076.966667,0.003846154,0.017948718,0,0,0,1,2,2,2,8,2,3
1,20,0,0,18,512.8333333,0.021052632,0.046491228,4.308315789,0,0,1,7,1,1,3,3,3
16,313.8666667,3,153.5,156,3899.001328,0.000170068,0.011252929,1.534835979,0,0,1,7,2,2,2,4,3
0,0,0,0,3,0,0.2,0.2,0,0,0,1,6,2,2,4,1,3
0,0,0,0,3,0,0.2,0.2,0,0,0,1,6,1,1,3,1,3
0,0,0,0,24,348.0333333,0.077777778,0.111111111,0,0,0,1,9,1,1,1,3,3
5,66.9,0,0,12,86.63333333,0,0.025,42.93595137,1,1,1,9,4,1,1,7,3
6,110.5,1,20,137,5380.686996,0.005517241,0.021311846,1.963592426,0,1,1,8,2,4,3,10,3
9,215.2333333,5,450,35,1974.352381,0.004761905,0.018866213,15.32910159,0,0,1,6,2,2,3,2,3
0,0,0,0,1,0,0.2,0.2,0,0,0,1,6,2,5,1,3,3
0,0,0,0,25,1344.291667,0,0.008695652,0,0,0,1,8,2,4,1,8,3
0,0,0,0,20,1194.75,0,0.026315789,0,1,1,1,8,2,2,1,8,3
2,57.5,0,0,16,1226,0,0.0125,143.4766783,1,1,1,2,2,2,9,2,1
3,124,0,0,0,0,0,0.033333333,0,0,0,1,6,3,2,6,3,3
0,0,0,0,1,0,0.2,0.2,0,0,0,1,6,2,2,1,1,3
0,0,0,0,4,156.5,0,0.05,0,0,0,1,2,1,8,1,6,1
0,0,0,0,4,87.875,0,0.026666667,0,1,1,1,8,1,1,4,10,3
0,0,0,0,1,0,0.2,0.2,0,0,0,4,3,2,2,5,1,3
5,140.5833333,2,87,69,1918.902722,0.003424658,0.021575342,0,0,0,1,8,2,2,3,2,3
0,0,0,0,110,5244.471512,0.002201835,0.013960708,0,0,1,1,8,2,2,1,2,3
4,11,0,0,44,2149.190195,0.02705314,0.048201119,0,0,0,1,1,1,1,1,3,3
2,242.5,0,0,59,5004.229167,0.006779661,0.034387947,0,1,0,1,2,2,5,3,2,3
9,73.25,0,0,26,2923.25,0.020689655,0.037931034,0,0,0,1,2,1,1,3,1,3
0,0,0,0,29,594.9666667,0.013793103,0.022024757,0,0,0,1,7,2,2,3,2,3
5,766.8333333,0,0,37,1133.016667,0,0.013846154,49.66307692,0,1,1,7,4,2,4,2,3
0,0,0,0,2,5,0,0.1,0,0,0,1,6,2,2,9,1,3
0,0,0,0,20,504.2333333,0.01,0.021666667,0,0,0,1,6,3,2,1,1,3
1,3,2,34,41,1021.519444,0.009302326,0.017829457,0,1,0,1,2,1,2,3,2,1
8,47,0,0,18,1796.583333,0,0.02173913,0,0,0,1,8,2,2,2,1,3
0,0,0,0,1,0,0.2,0.2,0,0,0,1,7,3,2,3,6,3
0,0,0,0,9,113,0.066666667,0.088888889,0,0,0,5,7,2,2,3,6,3
1,7.5,0,0,63,3060.055556,0.024623656,0.03604734,0,0,0,1,8,3,2,1,3,3
0,0,0,0,9,120,0,0.044444444,0,0,0,5,7,2,4,9,2,3
0,0,0,0,11,194.5,0.036363636,0.045454545,0,0,0,1,8,2,10,3,1,3
1,92.6,0,0,30,1126.392821,0,0.006666667,67.18378365,0,1,1,8,2,2,1,6,3
1,5,2,31.7,6,104.25,0,0.007407407,0,0,0,1,5,2,5,7,11,1
0,0,0,0,16,200,0.034375,0.072115385,0,0,0,5,7,2,2,1,1,3
2,115.8888889,2,45.5,26,1198.024145,0.003888889,0.03,14.50274386,0,0,1,8,3,2,1,2,3
11,167.1666667,6,348,172,4086.144897,0.000555556,0.009603919,1.418440397,0,0,3,7,2,7,7,3,3
3,56.8,1,3,73,1677.666667,0.010666667,0.040444444,0,0,0,1,5,2,2,7,1,3
0,0,0,0,3,20.2,0,0.066666667,0,0,0,1,4,2,2,2,1,3
5,339.1666667,0,0,20,525.6666667,0,0.004545455,0,0,0,1,7,1,2,3,2,3
1,0,0,0,9,336.8833333,0,0.04,30.21969637,0,1,1,10,1,2,6,4,3
0,0,0,0,20,806.5,0.01,0.038333333,0,0,0,4,7,2,4,1,3,3
3,19.33333333,0,0,28,710.9083333,0.006451613,0.012903226,0,0,0,1,7,2,2,8,3,1
0,0,0,0,10,72,0.08,0.11,0,0,0,4,7,3,2,1,6,3
0,0,0,0,48,1607.191667,0,0.004609929,5.157803677,1,1,1,2,1,1,1,2,3
0,0,0,0,5,25,0.12,0.16,0,0,0,5,7,2,5,3,6,3
0,0,0,0,23,1544.595238,0.058550725,0.092944664,0,1,0,1,8,3,2,8,13,3
2,42.2,0,0,17,440.2261905,0.026315789,0.023684211,0,0,0,1,4,3,2,3,1,3
0,0,0,0,34,4190.75,0.021764706,0.074369748,0,0,0,1,7,2,2,8,6,3
0,0,0,0,16,1092.333333,0.025,0.066666667,0,0,0,1,2,2,2,5,1,3
0,0,0,0,18,191,0,0.033333333,0,0,0,1,8,4,1,3,1,3
4,47,0,0,6,173,0.0125,0.0375,0,0,0,1,7,1,2,2,2,3
0,0,0,0,10,314.75,0.006666667,0.046666667,0,0,0,1,8,4,2,9,3,3
1,0,2,6,9,195.1666667,0,0.066666667,0,0,0,1,5,4,2,3,4,3
0,0,0,0,41,1423.833333,0.007317073,0.030243902,0,0,0,1,2,2,2,1,1,3
0,0,1,3,29,1005.946429,0.006666667,0.013333333,0,0,0,5,7,2,2,5,5,3
3,107.8,0,0,11,362.6,0,0.004761905,0,0,0,1,10,2,2,2,4,3
0,0,0,0,31,1087,0,0.006666667,0,0,0,1,7,4,2,2,2,3
0,0,0,0,5,236,0,0.04,0,0,0,1,6,1,1,6,1,3
11,1284.3375,3,303.625,96,2478.070833,0.007355769,0.018144023,0,0,0,1,2,1,1,3,2,3
0,0,0,0,9,38.75,0.12,0.120833333,0,0,0,1,8,3,2,1,13,3
0,0,0,0,3,79,0,0.033333333,0,0,0,1,8,1,2,1,1,3
1,14,0,0,21,334.7857143,0,0.023333333,0,0,0,1,6,2,2,1,1,3
0,0,0,0,1,0,0.2,0.2,0,0,0,1,2,2,2,3,13,3
0,0,0,0,16,690.3133333,0.028571429,0.057142857,0,0,0,1,9,2,2,1,1,3
6,95.91666667,0,0,19,671.55,0,0.020454545,28.12876638,0,0,1,2,2,2,7,2,3
4,65,0,0,26,501.8,0,0.014285714,0,0,1,1,8,2,2,9,2,1
7,123.2,0,0,16,283.7214286,0.014473684,0.022222222,0,0,0,1,4,3,2,3,13,3
10,323.55,0,0,46,1044.8,0.017021277,0.019756839,0,0,0,1,7,3,2,7,4,3
0,0,0,0,5,210,0.12,0.16,0,0,0,1,6,1,10,1,1,3
0,0,0,0,45,1478.07381,0.020454545,0.038636364,0,0,0,1,8,2,2,7,13,3
0,0,0,0,1,0,0.2,0.2,0,0,0,1,2,2,2,1,1,3
0,0,0,0,4,478.0333333,0.05,0.047619048,0,1,0,1,8,1,1,3,2,3
0,0,0,0,8,101.75,0.025,0.075,0,0,0,1,8,2,2,6,2,3
0,0,0,0,37,1254.75,0.002631579,0.010175439,34.15414773,0,1,1,8,2,2,2,7,3
3,155.75,1,0,62,2038.772727,0.007070707,0.0254662,17.60269465,1,0,1,8,2,4,1,10,3
9,363.875,0,0,29,2351.05,0.005555556,0.015762787,0,0,0,1,7,2,4,1,1,3
4,96.4,0,0,10,217.6,0,0,0,1,0,1,8,3,2,2,2,1
7,167.375,6,135,155,4263.977734,0.005373737,0.012004543,112.6661365,0,1,1,8,1,2,1,2,3
0,0,0,0,15,147.5833333,0.014285714,0.028571429,0,0,0,1,8,3,2,7,3,3
0,0,0,0,5,156,0,0.04,0,0,0,1,6,2,2,4,1,3
0,0,0,0,8,167,0,0.05,0,0,0,1,6,2,5,1,3,3
3,97.75,1,46.5,12,257.4166667,0.006666667,0.027111111,0,0,0,1,8,3,2,6,3,3
6,453.6,2,12,73,1889.833333,0.01025641,0.018883894,0,0,0,1,2,3,2,4,13,3
0,0,0,0,1,0,0.2,0.2,0,0,0,1,2,3,2,2,10,2
5,333,2,166,12,151.9,0.031111111,0.064444444,0,0,0,1,6,2,2,1,1,3
8,105.5644231,5,249,128,3158.561476,0.005474453,0.005815392,5.472974626,0,0,1,7,1,1,6,13,3
0,0,1,35.5,130,3313.455754,0.007633588,0.028972728,0,1,0,1,8,2,2,1,2,3
0,0,0,0,20,255.75,0,0.028421053,0,0,0,1,7,2,2,1,4,3
2,292.2,0,0,19,1391.383333,0,0.02,18.84993357,0,1,1,9,3,2,1,2,1
6,631.1073171,3,7.6,28,2104.573984,0.007189542,0.034273974,35.51518951,0,0,1,8,2,2,5,6,3
3,44,0,0,15,310.25,0.0125,0.0125,0,1,0,1,2,3,2,3,2,3
0,0,0,0,14,184.8333333,0,0.035714286,0,0,0,3,7,2,2,1,2,3
3,555.5,0,0,58,2034.261905,0.00862069,0.035172414,0,0,1,1,8,2,2,1,1,3
0,0,0,0,45,1682.25,0.026666667,0.057777778,0,0,0,1,8,2,2,4,1,3
1,63.5,0,0,10,552.3333333,0,0.016363636,0,0,0,1,2,1,1,4,10,3
0,0,0,0,10,199.6666667,0.01,0.045,0,0,0,1,8,3,2,4,3,3
7,154.4,0,0,33,1267.06,0.021621622,0.040540541,0,0,0,1,5,2,2,1,3,3
1,3,0,0,161,3763.447588,0.001666667,0.012346041,0,0,1,1,8,1,1,1,2,3
0,0,0,0,2,66.5,0.066666667,0.166666667,0,0,0,1,8,3,2,3,13,3
5,117.3333333,4,82,33,813.3888889,0.028205128,0.050940171,0,1,0,1,7,3,2,8,4,3
0,0,0,0,1,0,0.2,0.2,0,0,0,1,5,2,2,1,3,3
1,15.2,2,55.4,52,3019.805397,0,0.002724518,0,0,0,1,8,2,6,1,1,3
1,15,1,157,36,3010.532051,0,0.014619883,0,1,0,1,7,2,2,3,2,3
10,42.1,0,0,37,527.6666667,0.009090909,0.032954545,0,0,0,1,1,1,1,1,2,3
0,0,0,0,24,657.6666667,0.013636364,0.034090909,0,0,0,5,7,2,4,1,3,3
0,0,0,0,33,778.8166667,0,0.022424242,0,0,0,1,6,2,5,1,1,3
1,74,0,0,49,1616.083333,0.004,0.016,0,0,0,1,6,2,2,6,1,3
0,0,0,0,1,0,0.2,0.2,0,0,0,1,4,2,4,7,1,3
0,0,0,0,20,869.8,0.011111111,0.033333333,0,1,0,1,7,3,2,4,2,3
0,0,0,0,10,189.5,0,0.036666667,0,0,0,1,6,3,2,3,3,3
0,0,0,0,6,30,0.183333333,0.188888889,0,0,0,5,7,3,2,6,1,3
9,208.2666667,0,0,19,543.775,0,0.002380952,0,1,0,1,7,3,2,3,11,1
4,93.75,0,0,70,2161.388889,0.008767123,0.017491169,0,0,1,1,8,1,1,1,2,3
4,59.5,2,662,31,1586.154762,0.016666667,0.037334126,0,0,0,1,8,1,1,1,2,3
0,0,0,0,3,104,0,0.066666667,0,0,0,1,8,2,4,3,1,3
1,4,0,0,47,2386.066667,0.004444444,0.030864198,0,0,0,1,8,2,2,1,1,3
5,106.8,0,0,20,470.8666667,0.027272727,0.045454545,0,0,0,1,9,2,2,1,13,3
3,98.5,0,0,27,702.3333333,0.023214286,0.042261905,0,0,0,1,2,2,2,7,2,3
3,60.83333333,0,0,18,884.6333333,0.021052632,0.041140351,0,0,0,1,6,2,2,3,10,3
5,163,0,0,5,25,0.02,0.04,0,1,0,1,9,2,2,2,20,1
0,0,0,0,9,125.25,0,0.033333333,0,1,0,1,8,2,10,4,3,3
6,69.4,1,25.2,18,1009.55,0,0.002380952,0,0,0,1,4,2,2,2,2,1
6,49.18333333,0,0,44,1065.501515,0.006333333,0.036774359,53.22268667,0,0,3,7,2,2,2,2,3
3,105,0,0,35,999,0,0.005714286,0,0,0,1,7,3,2,3,4,1
2,17.13333333,0,0,20,1078.2,0.02,0.051166667,0,0,0,1,9,1,1,1,3,3
19,230.3948365,3,48.3,111,3276.190541,0.0088,0.011027644,0.447038663,0,0,1,4,1,1,3,3,3
9,141.75,2,310.5,9,123.5,0,0.017647059,0,0,0,1,2,1,1,1,2,3
7,86.27777778,2,21,80,2170.286706,0.003571429,0.021527778,25.76598645,1,1,1,8,3,2,1,10,3
4,107.5333333,2,298,16,570.3333333,0.011764706,0.014705882,0,0,0,1,7,3,2,6,13,3
0,0,0,0,7,1264.833333,0.073376623,0.075604396,0,0,0,1,2,3,2,1,13,3
5,20,0,0,56,441.2166667,0.008474576,0.019322034,0,0,0,2,7,2,2,2,3,3
4,85,0,0,19,599,0.015,0.035,0,0,0,1,7,2,2,1,2,3
10,200.5833333,1,86,65,1476.5,0.040096618,0.059661836,1.680318841,0,0,5,7,2,6,5,1,3
0,0,0,0,1,0,0.2,0.2,0,0,0,3,7,2,2,1,13,3
0,0,0,0,10,902.6666667,0,0.03,0,1,0,1,8,2,2,3,20,3
5,103.875,0,0,6,81.375,0,0.025,0,1,0,1,2,1,1,3,2,3
2,117.8,0,0,17,586.1,0,0.011111111,0,0,0,1,1,3,2,7,13,3
0,0,0,0,4,137.5,0,0.066666667,0,0,0,1,8,2,2,2,11,3
5,39,2,12,15,158,0,0.02010582,0,0,0,1,7,2,2,9,4,3
1,4,0,0,73,2000.618333,0,0.003703704,0,0,0,1,10,2,10,7,3,3
0,0,0,0,23,709.75,0.029166667,0.043055556,0,1,0,1,8,2,2,1,2,3
4,137,2,5,186,8425.870475,0.003403141,0.015721509,0,1,0,1,8,2,2,1,2,3
1,0,0,0,34,2161.979365,0.00625,0.020233586,0,0,0,1,6,3,2,1,1,3
0,0,0,0,7,357.75,0.014285714,0.077142857,0,1,0,1,8,4,1,4,10,3
3,36.7032967,4,42.2,51,1187.737297,0.024223602,0.066119363,6.854149002,0,0,1,9,3,2,1,1,3
5,77.08333333,2,96.5,15,2106.833333,0.014285714,0.037301587,0,1,1,1,8,1,1,4,2,3
0,0,0,0,6,162.5,0,0.033333333,0,0,0,1,7,2,2,1,1,3
0,0,0,0,15,298.1666667,0.013333333,0.044444444,0,0,0,3,7,2,10,9,3,3
7,598,3,144.5,83,6860.632738,0.011512297,0.039305682,0,0,0,3,7,2,2,1,2,3
8,195,2,86,56,3408.266667,0.014516129,0.027557013,9.594846798,0,1,1,8,1,2,1,2,3
1,7,0,0,11,298,0,0.006666667,0,1,0,1,6,3,2,3,3,3
0,0,0,0,2,69.5,0,0.1,0,0,0,1,8,4,5,9,11,1
1,23.2,0,0,3,397.8,0,0,0,0,0,1,1,2,2,1,4,3
0,0,0,0,14,416.8333333,0,0.015384615,0,1,0,1,7,2,2,2,2,1
0,0,5,663.9166667,47,2059.7,0.005769231,0.033243423,0,0,0,1,2,3,2,3,6,3
0,0,0,0,12,418.3333333,0,0.004545455,0,0,0,1,7,2,4,9,5,3
0,0,0,0,17,182,0,0.0375,0,0,0,1,7,2,4,4,3,3
0,0,0,0,8,64.6,0.05,0.075,0,0,0,1,4,2,2,2,13,3
4,73.33333333,1,0,52,1543.75,0.004166667,0.023639456,0,0,0,1,8,2,2,9,13,3
0,0,0,0,20,333.3333333,0.01,0.04,0,0,0,1,8,2,2,7,1,3
3,133.5,4,191,15,443.9333333,0,0.02,0,0,0,1,7,1,1,3,6,3
3,32.25,0,0,27,1273.25,0,0.008888889,43.89691103,0,1,1,8,2,2,1,2,1
0,0,0,0,5,75.6,0,0,0,1,0,1,9,1,1,3,4,3
0,0,0,0,11,660.8,0,0,33.83646892,0,1,1,5,2,2,6,1,1
0,0,0,0,1,0,0.2,0.2,0,1,0,1,6,1,1,1,9,3
7,52.4,3,202.5,55,1995.466667,0.003333333,0.025396825,1.8315,0,0,1,7,2,2,6,13,3
0,0,0,0,37,565.38,0.024324324,0.054954955,0,0,0,1,4,2,2,1,1,3
1,22,3,39,80,1903.081639,0.007228916,0.032248996,0,0,0,1,2,3,2,1,2,3
1,11.5,1,94,98,6212.779517,0.024162985,0.033991575,0,1,0,1,8,3,2,4,10,3
1,10.1,0,0,10,256.1857143,0,0.007407407,46.84856664,1,1,1,1,1,1,2,2,1
0,0,0,0,7,486.5,0,0.028571429,0,0,0,1,8,2,4,1,1,3
0,0,0,0,2,0,0.2,0.2,0,0,0,3,7,1,1,3,3,3
2,35.3,0,0,2,20.1,0,0,40.27815244,0,1,1,10,2,2,1,6,1
0,0,0,0,24,841.1666667,0.008333333,0.041666667,0,0,0,5,7,2,2,2,4,3
0,0,1,0,10,1584.25,0.02,0.05,0,0,0,1,2,2,2,1,8,3
6,69.125,2,13,227,6854.604365,0.005701754,0.020960781,0,0,0,1,8,2,2,1,1,3
2,63.79166667,1,74,18,385.2916667,0.017042607,0.03754386,12.00869742,0,0,1,8,3,2,3,2,3
0,0,0,0,8,159.9,0,0,0,0,0,1,9,2,2,2,6,1
2,57.4,2,69.4,13,1316.533333,0.011764706,0.05,0,1,0,1,1,2,2,3,4,3
0,0,0,0,14,811,0.015384615,0.041025641,0,0,0,1,6,2,2,8,1,3
0,0,0,0,13,218.6666667,0.107692308,0.111538462,0,0,0,1,4,2,2,1,1,3
3,29,0,0,57,1191.8875,0.019298246,0.030732714,0,1,0,1,8,2,2,1,2,3
0,0,0,0,1,0,0.2,0.2,0,0,0,1,8,2,2,7,13,3
0,0,0,0,28,2529.75,0.066666667,0.088271605,0,0,0,3,7,2,5,1,1,3
3,76,0,0,24,1038.845238,0,0.008333333,0,0,0,1,6,2,2,4,3,1
4,359.3,4,407,69,5485.105556,0.010526316,0.017493734,4.494741228,1,1,1,6,1,1,2,1,3
7,107.75,1,1021.6,33,1454.75,0.004761905,0.00968254,40.18975207,1,0,1,9,3,2,1,4,3
4,50.5,3,54,41,1490.552778,0,0.006589147,0,0,0,1,6,2,2,1,2,3
0,0,0,0,9,186.7,0,0.022222222,0,1,0,1,6,2,2,1,2,3
5,170.25,0,0,55,3057.045833,0.011666667,0.018737892,0,0,0,1,8,2,2,4,2,3
2,40,2,162,17,481.6666667,0.024561404,0.036842105,32.64521053,0,0,1,6,2,7,3,2,3
6,239.3333333,0,0,31,1875.169444,0,0.025324675,21.85958403,0,0,1,8,1,1,1,2,3
4,75,0,0,16,252,0,0.004444444,0,1,0,1,7,2,2,4,4,1
4,81,0,0,8,112.7285714,0,0.02,0,0,0,1,6,2,2,2,1,3
9,306.46,0,0,40,550.7095238,0,0.00952381,0,0,0,1,10,2,2,1,2,3
0,0,0,0,20,419,0,0.01,0,1,0,1,7,2,2,5,4,3
7,380.8,0,0,50,2653.196667,0.015686275,0.027908497,0,0,0,1,1,2,2,2,1,3
6,47.3,0,0,14,858.2,0,0.010526316,0,0,1,1,9,4,1,3,5,1
13,318.7202381,1,0,60,1205.945238,0.008823529,0.01709646,5.710061275,0,1,1,7,2,2,3,13,3
4,48.66666667,0,0,66,2436.106169,0.006036217,0.034560698,12.02904527,0,0,1,8,2,2,3,6,3
0,0,2,21,43,1825.557143,0,0.018115942,0,1,0,1,8,2,6,1,2,3
0,0,0,0,24,580.2,0,0.012121212,17.12545455,0,1,1,6,2,2,1,1,3
0,0,0,0,2,0,0.2,0.2,0,1,0,1,2,3,2,3,6,3
8,459.3333333,0,0,25,2408.815476,0,0.008333333,81.19520286,1,1,1,8,3,2,7,8,3
0,0,0,0,11,496,0.018181818,0.063636364,0,0,0,1,2,3,12,2,3,3
4,49,0,0,17,283.7916667,0,0.030952381,0,1,0,1,2,2,2,1,13,3
6,106.18,2,115.8,32,518.4433333,0.001960784,0.014215686,0,0,0,1,1,3,2,6,4,3
0,0,0,0,13,437.25,0.069230769,0.102564103,0,0,0,1,6,1,1,3,3,3
3,420.1,2,14.2,32,591.72,0.032432432,0.043745174,0,1,0,1,9,1,1,1,3,3
0,0,0,0,95,3208.208333,0.00212766,0.010851064,5.364419268,0,1,1,8,2,2,1,1,3
15,161.764411,7,227.25,104,6254.420122,0.028065242,0.036927442,3.431210317,1,0,1,7,3,2,1,2,3
0,0,1,11,35,926.6690476,0.016666667,0.054930556,0,1,0,6,7,2,2,1,4,3
0,0,0,0,44,2588.154762,0.009090909,0.027272727,0,0,0,1,2,2,2,1,1,3
0,0,0,0,17,418.3333333,0,0.025,0,0,0,1,8,2,6,1,2,1
3,197.5,0,0,15,343.25,0.011764706,0.029411765,0,0,0,1,2,2,4,4,2,3
2,37,0,0,24,1270.166667,0.013043478,0.017391304,0,0,0,1,7,2,2,1,6,3
1,5,0,0,13,271,0,0.003571429,0,1,0,1,6,1,1,2,2,1
0,0,0,0,16,588.3333333,0,0.025,0,0,0,1,3,2,4,1,1,3
2,78,0,0,22,325,0,0.007246377,19.10349568,1,1,1,2,4,1,3,1,3
2,59,0,0,20,497.5388889,0,0.015,0,1,0,1,7,1,1,3,4,3
5,117.8333333,0,0,35,502.547619,0.01025641,0.036923077,3.148615385,0,1,1,6,2,2,2,2,3
4,129.4166667,3,62,43,1770.625,0.004255319,0.015153664,0,0,0,1,6,2,5,6,2,3
1,123,0,0,7,181.5,0,0.025,64.7325,1,1,1,6,2,2,1,2,1
0,0,0,0,2,0,0.2,0.2,0,0,0,1,2,3,2,4,3,3
0,0,0,0,8,943.5,0.025,0.045833333,0,0,0,1,2,3,2,3,10,3
0,0,0,0,3,32.5,0.066666667,0.133333333,0,1,0,1,2,2,2,9,3,3
2,141,0,0,10,606.6666667,0.008333333,0.026388889,36.672294,0,0,1,1,2,5,7,4,3
0,0,0,0,9,223,0,0.022222222,0,0,0,1,6,3,2,5,2,3
2,67.5,0,0,7,393.5,0,0.025,0,0,0,1,2,2,2,1,2,1
2,27.25,0,0,1,31.5,0.05,0.066666667,0,0,1,1,2,3,2,2,3,3
3,69.16666667,0,0,35,869.0611111,0,0.00617284,0,0,0,5,7,2,2,1,2,3
0,0,0,0,23,363.5,0,0.013043478,0,0,0,5,7,2,2,2,1,3
0,0,0,0,40,700.1277778,0.011,0.027788462,0,1,0,1,8,1,1,1,10,3
0,0,0,0,8,359,0,0.075,0,0,0,3,7,1,1,3,3,3
0,0,0,0,13,374.9,0,0.047619048,16.72561819,0,1,1,1,4,1,1,3,3
0,0,0,0,7,88.33333333,0,0.042857143,0,0,0,1,6,2,2,1,1,3
0,0,0,0,34,1266.333333,0.005882353,0.026470588,0,0,0,3,7,2,2,3,4,3
2,52.5,0,0,10,753.1,0,0.02,0,0,0,1,8,2,2,1,2,3
0,0,0,0,17,557.4,0,0.011111111,83.93274289,1,1,1,10,2,2,2,2,1
12,238.4833333,0,0,13,269.2333333,0,0.01,0,0,0,1,2,2,10,1,3,1
4,271.2,0,0,4,144.6,0,0.014285714,0,0,0,1,9,3,2,1,2,3
1,4,0,0,4,67.25,0,0.013333333,0,1,0,1,2,2,2,2,2,3
3,62.5,0,0,46,1048.107143,0.004,0.013,20.88414313,0,1,1,2,2,2,3,2,3
4,115.3333333,0,0,64,1588.944444,0.003076923,0.009213675,0,0,0,1,6,2,2,1,1,3
0,0,0,0,16,819.1666667,0,0.0125,24.73875,0,1,1,7,2,2,5,2,1
0,0,0,0,4,70.5,0.05,0.1,0,0,0,1,6,3,2,4,3,3
3,79.75,0,0,3,73.5,0.04,0.077777778,0,0,0,1,6,3,2,1,2,3
2,165.2,0,0,36,983.425,0,0.010526316,0,1,0,1,1,2,4,8,6,1
4,151,0,0,30,1547.233333,0,0.012121212,28.40448178,1,1,1,10,2,2,2,2,3
0,0,0,0,11,2028.5,0,0.036363636,0,0,0,1,7,2,2,1,4,3
0,0,0,0,4,72.66666667,0,0.083333333,0,0,0,3,7,2,2,3,4,3
13,214.8823529,0,0,41,1182.106162,0,0.018485839,4.465398354,0,0,1,6,2,4,3,2,3
0,0,0,0,15,447.5,0.03,0.065333333,0,1,0,1,6,3,2,4,1,3
0,0,0,0,1,0,0.2,0.2,0,0,0,4,3,2,2,3,2,3
14,205.9924242,1,65,52,1090.385281,0.006479313,0.039161584,5.539900181,0,0,1,8,1,1,1,10,3
2,76.76666667,2,9,17,1566.2,0.00952381,0.038095238,0,0,0,1,10,2,2,3,5,3
0,0,0,0,1,15.6,0,0,47.7917708,0,1,1,10,1,1,6,3,1
6,233.0833333,2,63,60,3135.442572,0.001666667,0.009358814,0,0,0,1,6,3,2,1,10,3
2,58,0,0,50,952.4345238,0,0.011538462,2.179730769,1,1,1,6,4,2,2,11,3
1,20.2,0,0,13,227.6,0,0,42.29306752,0,0,1,4,2,2,3,3,1
2,3,4,161.5,137,4791.460889,0.004373522,0.020956372,5.482895824,0,1,1,8,2,2,1,2,3
0,0,0,0,1,0,0.2,0.2,0,0,0,1,2,1,1,4,1,3
0,0,0,0,3,313,0,0.033333333,0,1,0,1,7,2,10,5,4,3
9,433.8,2,6,28,728.7,0,0.009803922,0,0,0,1,9,2,10,1,3,3
0,0,0,0,17,356.0833333,0,0.013333333,151.5650523,0,1,1,8,2,5,5,8,1
5,52.5,0,0,7,415.5,0,0.016666667,0,0,0,1,7,2,2,1,4,1
3,81.33333333,1,32.5,17,733.5,0,0.002631579,0,1,0,1,2,2,7,9,10,3
0,0,0,0,6,21,0,0.033333333,0,0,0,1,7,2,2,6,3,3
3,22.2,0,0,2,836.2,0,0.04,0,1,0,1,10,2,2,8,2,1
0,0,0,0,20,1006.666667,0,0.005555556,0,0,0,4,7,1,1,1,2,3
0,0,0,0,12,442.5,0,0.008333333,0,0,0,1,8,2,2,1,2,1
3,116.5,0,0,15,320.25,0,0.005882353,0,1,0,1,2,1,1,4,6,3
1,0,0,0,7,37,0.083333333,0.108333333,0,0,0,4,7,1,1,2,4,3
3,172,0,0,53,1299.383333,0,0.003703704,0,1,0,1,6,2,6,7,2,3
1,14,0,0,30,1845.333333,0.027083333,0.042083333,12.6534375,0,0,1,7,3,2,3,1,3
3,78.6,0,0,2,18.2,0,0.02,0,1,1,1,4,3,2,3,2,1
0,0,0,0,4,910,0,0.025,0,0,0,1,6,2,5,1,10,3
7,51,3,222,21,654.5,0,0.007142857,0,0,0,1,7,2,2,1,4,1
1,0,0,0,1,0,0.2,0.2,0,0,0,3,7,1,1,1,2,3
1,100,0,0,9,246.1666667,0,0.025,0,1,0,1,2,3,2,8,2,3
0,0,0,0,11,216,0.018181818,0.036363636,0,0,0,1,7,2,5,1,1,3
10,316.1405025,7,321.6666667,287,12983.78771,0.000668896,0.006998399,1.088158231,0,0,1,6,2,4,3,8,1
2,196.6,0,0,31,1514.3,0.036363636,0.066666667,0,1,0,1,1,1,8,7,1,3
1,37.5,0,0,5,65.5,0.033333333,0.066666667,0,0,0,1,8,1,1,3,3,1
3,155.7,0,0,18,595,0,0.010526316,0,0,0,1,8,1,1,1,2,1
0,0,0,0,27,190.25,0.016,0.04,0,0,0,2,7,2,2,3,3,3
1,72.66666667,4,345,24,879.9090909,0,0.035897436,6.482798269,0,1,1,6,2,4,4,1,3
0,0,0,0,2,54,0.05,0.15,0,0,0,1,7,1,1,1,1,3
0,0,0,0,1,0,0.2,0.2,0,1,0,1,1,3,3,2,2,3
0,0,0,0,9,1217.2,0.033333333,0.040740741,0,0,0,1,7,1,1,5,4,3
0,0,0,0,2,22,0,0.1,0,0,0,1,6,2,2,3,1,3
6,131.75,0,0,32,789.4166667,0,0.00745098,0,1,0,1,2,1,1,1,2,3
0,0,1,217.6,77,1690.489222,0.011842105,0.027846816,0,1,0,1,10,3,2,6,1,3
0,0,0,0,23,347.8522727,0.008695652,0.030434783,0,0,0,1,8,2,2,1,3,3
0,0,0,0,1,0,0.2,0.2,0,1,0,1,3,1,1,1,2,3
2,98.25,0,0,10,303.25,0,0.011111111,0,1,0,1,6,3,2,2,2,1
14,260.7361111,3,186.5,51,2921.902778,0.013661202,0.02989071,8.339171985,1,1,1,8,4,2,7,1,3
4,37.25,1,5,50,1295.008333,0.000892857,0.015595238,0,1,1,1,8,3,2,4,2,3
0,0,0,0,2,8,0,0.1,0,0,0,1,6,2,4,2,1,3
2,29,0,0,61,1617.519048,0.013978495,0.030295699,0,1,0,1,8,3,2,8,2,3
4,96.5,0,0,19,1430.659091,0.01,0.025666667,0,0,0,1,6,1,1,1,1,3
3,30,1,0,3,14,0,0.028571429,0,0,0,1,8,2,4,4,2,3
0,0,0,0,20,1815.279762,0.012280702,0.029239766,0,0,0,4,7,1,2,1,2,3
0,0,0,0,5,27,0.04,0.08,0,0,0,1,2,2,2,1,1,3
2,49,1,127,4,188,0.033333333,0.0375,0,0,0,1,6,3,2,3,2,3
0,0,0,0,3,1952.5,0.066666667,0.122222222,0,0,0,1,8,1,1,2,1,3
1,255,0,0,35,1178,0.035294118,0.064705882,0,1,0,6,7,3,2,3,4,3
0,0,0,0,12,198,0.016666667,0.075,0,0,0,1,6,2,2,3,2,3
0,0,0,0,14,317.0666667,0.035714286,0.05,0,0,0,1,1,1,1,9,3,3
0,0,5,924,45,3198.186667,0.004,0.016363636,32.41773364,0,1,1,9,2,6,4,2,3
0,0,0,0,14,561.6666667,0,0.025,0,0,0,1,2,2,2,9,10,3
0,0,2,40,152,5617.092505,0.003594771,0.02743431,0,0,0,1,8,2,2,4,2,3
23,322.9416667,0,0,62,3142.941176,0.003037975,0.019685462,7.311892217,1,0,1,8,2,2,1,10,3
0,0,0,0,3,514,0,0.066666667,0,0,0,1,6,2,2,3,1,3
1,43,0,0,36,2362.5,0,0.016190476,0,0,0,4,7,2,5,1,4,3
0,0,0,0,2,0,0.2,0.2,0,0,0,1,7,1,1,1,3,3
0,0,0,0,6,196.5,0,0.016666667,0,0,0,1,8,1,1,7,2,3
4,70.4,2,47.4,8,97.9,0.05,0.058333333,0,0,0,1,5,1,2,4,2,3
0,0,0,0,30,1438,0,0.013793103,100.1655678,0,1,1,8,4,1,1,3,3
1,107,0,0,27,839.6666667,0.021428571,0.036666667,0,0,0,3,7,3,2,3,13,3
0,0,0,0,10,99,0.04,0.046666667,0,0,0,4,7,3,2,1,3,3
0,0,0,0,2,242.5,0,0.05,0,0,0,1,2,8,13,9,20,2
0,0,0,0,2,0,0.2,0.2,0,1,0,1,8,3,2,1,13,3
0,0,0,0,5,52,0,0.02,0,0,0,1,6,2,4,7,2,3
1,9.5,0,0,25,674.25,0,0.017307692,0,0,0,1,6,2,2,7,2,3
0,0,0,0,1,0,0.2,0.2,0,0,0,1,2,1,1,1,2,1
5,488.462963,0,0,56,3327.537566,0.006578947,0.022060248,0,0,0,1,2,2,2,3,1,3
1,185,6,263,6,133.3333333,0,0.019230769,0,0,0,1,6,3,2,3,3,3
0,0,0,0,58,1599.5,0,0.007142857,0,0,0,1,8,4,2,1,3,3
16,237.35,0,0,46,1143.833333,0.009803922,0.014488017,0,1,0,1,8,3,2,4,1,3
0,0,0,0,11,109.5,0,0.022222222,0,0,0,1,2,4,1,1,8,1
0,0,5,53.83333333,2,31.16666667,0,0.033333333,0,0,0,1,8,2,2,4,2,3
0,0,0,0,16,277.3,0.0125,0.041666667,0,0,0,1,8,2,2,1,2,3
13,83.9952381,2,99.8,24,364.9619048,0,0.018181818,0,0,0,1,8,2,2,1,2,3
0,0,0,0,10,242.0833333,0,0.046666667,0,1,0,1,8,2,4,7,6,3
3,45,0,0,24,506.1666667,0.021333333,0.034,0,0,0,5,7,2,5,2,2,3
2,110,0,0,4,125,0,0.016666667,0,0,0,1,6,3,2,2,1,3
0,0,0,0,3,21.25,0,0.066666667,0,1,0,1,8,3,2,1,2,1
0,0,0,0,8,244,0.025,0.075,0,0,0,1,6,3,2,1,3,3
1,96.66666667,0,0,23,1605.875,0.031818182,0.05030303,54.10230816,0,1,1,2,2,2,2,10,3
2,60,6,459,17,1370.067857,0.02173913,0.035072464,0,0,0,1,7,1,1,6,1,3
1,13.5,1,28,88,1759.275703,0.004545455,0.020644542,0,0,0,1,6,2,2,1,2,3
1,0,0,0,16,2007,0.01875,0.054166667,0,0,0,1,8,1,1,3,1,3
0,0,0,0,37,987.5,0.005555556,0.011111111,40.87111111,0,1,1,7,2,10,3,4,3
0,0,0,0,2,59,0,0.1,0,0,0,1,7,1,2,1,6,3
0,0,0,0,19,196.5,0,0.021052632,0,1,0,1,7,2,2,7,1,3
2,16,0,0,29,1412.5,0.007142857,0.046428571,0,0,0,1,7,2,2,6,13,3
0,0,4,14,8,284.7,0.016666667,0.047222222,0,0,1,1,8,3,2,7,2,3
4,93.6,0,0,8,69.4,0.090909091,0.103030303,0,0,0,1,10,2,2,1,3,3
0,0,0,0,7,258.5,0.028571429,0.071428571,0,0,0,1,6,3,2,6,1,3
0,0,3,135,32,804.1899134,0.029946524,0.03546327,4.027998418,1,0,1,9,1,1,6,2,3
3,58.4,0,0,12,197,0,0.028571429,0,0,0,1,8,2,2,2,2,3
1,29,0,0,20,451.9333333,0.014285714,0.020634921,0,0,0,3,7,3,2,1,2,3
4,234.1666667,0,0,24,1589.583333,0,0.007692308,61.20406619,0,1,1,8,2,2,2,10,3
5,116,0,0,31,1350.258333,0.012903226,0.023870968,0,0,0,1,2,3,2,8,2,3
2,43,0,0,3,23,0,0.04,0,0,0,1,6,2,4,9,2,3
5,188,0,0,25,1189.458333,0,0.006150794,36.89921429,0,1,4,7,2,10,1,4,3
0,0,0,0,13,328.9,0.015384615,0.046153846,0,0,0,1,5,2,2,3,3,3
0,0,0,0,7,496.75,0,0.011111111,0,0,0,1,6,3,2,6,1,3
2,64.4,0,0,15,443.5666667,0,0.00625,166.3735531,1,0,1,5,1,1,1,5,1
0,0,0,0,24,778.1666667,0,0.0125,0,0,0,1,6,2,2,1,2,3
0,0,0,0,2,0,0.2,0.2,0,0,0,1,4,3,2,9,13,3
0,0,0,0,3,79.5,0,0.066666667,0,1,0,1,2,4,1,3,2,3
4,93.5,0,0,293,12268.24477,0.002837838,0.01542982,2.164809711,0,1,1,8,2,2,1,2,3
0,0,0,0,5,156,0,0.04,0,0,0,1,3,1,1,9,3,3
0,0,0,0,32,1324.666667,0.056666667,0.09047619,10.3976,1,0,6,7,2,2,7,1,3
0,0,0,0,1,0,0.2,0.2,0,1,0,1,6,1,1,1,3,3
1,0,0,0,31,1282,0.03125,0.05,0,0,0,5,7,2,2,6,3,3
2,34.5,0,0,17,491.8333333,0,0.014705882,0,0,0,1,2,1,1,3,2,1
4,21,0,0,7,56.25,0.033333333,0.066666667,0,1,0,1,8,3,2,1,15,3
2,44,0,0,8,182,0,0.005,0,0,0,1,7,2,4,1,2,1
7,170.8333333,1,39,4,45.33333333,0,0.011111111,0,0,0,1,7,3,2,1,2,3
1,22.2,0,0,34,781.8,0.017142857,0.028571429,0,1,0,1,9,2,2,6,1,3
1,112,0,0,37,2043.5,0.005555556,0.016666667,12.3578472,0,1,1,6,2,5,3,6,3
14,160.1115392,6,1079.833333,154,7405.360281,0.004924242,0.021452975,8.533928457,0,1,1,8,4,1,4,1,3
9,546,0,0,28,1561.083333,0.01,0.03,3.810575284,0,1,1,6,2,2,7,10,3
0,0,0,0,41,1444.166667,0.009756098,0.026829268,0,0,0,1,7,2,2,1,4,3
0,0,0,0,6,89.66666667,0,0.033333333,0,0,0,1,8,2,10,3,3,3
3,188,0,0,22,1436.45,0,0.009090909,0,0,0,1,6,2,2,3,1,3
4,114.3333333,0,0,55,1247.357143,0.001886792,0.010691824,0,1,0,1,7,3,2,3,4,3
0,0,2,62.33333333,34,1122.272727,0.047222222,0.071018519,0,0,0,5,7,2,2,4,6,3
0,0,0,0,11,419.75,0,0.006060606,0,0,0,1,6,2,2,6,1,3
0,0,0,0,34,538.48,0,0.005882353,5.860439769,0,1,1,10,2,2,7,2,3
2,220.3333333,1,70.5,75,3537.991667,0.011714286,0.027362361,5.770959977,0,0,1,6,2,2,6,1,3
4,45.4,0,0,14,339,0,0.010526316,0,0,0,1,4,2,2,1,5,1
1,5,0,0,31,1263.9,0,0.009111111,0,0,0,1,2,2,2,7,2,3
1,21.33333333,1,235,71,2753.378571,0.012676056,0.015201207,0,1,0,1,6,3,2,2,1,3
12,138.9166667,0,0,14,1352.75,0,0.023684211,0,0,0,1,2,2,2,1,2,3
0,0,0,0,13,449.6,0,0.015384615,0,0,0,1,6,3,2,1,10,3
0,0,0,0,15,431.2,0,0.007142857,0,0,0,1,10,2,5,9,5,1
0,0,0,0,6,1057,0,0.033333333,0,0,0,1,6,2,4,4,1,3
7,156,0,0,60,2126.461941,0.00808768,0.017066636,0,0,0,1,6,3,2,4,2,3
0,0,0,0,34,887.6666667,0,0.004747475,12.61543434,0,0,1,7,2,2,5,2,3
0,0,0,0,24,832,0,0.020289855,21.92521348,0,0,1,6,2,6,6,1,3
2,210,0,0,10,591.1666667,0.02,0.016,0,0,0,1,6,3,2,1,2,3
0,0,0,0,6,95,0.028571429,0.028571429,86.33623272,0,1,1,9,1,1,4,2,1
3,32,2,9,16,1760.6,0,0.033333333,0,0,1,1,8,2,2,3,2,3
0,0,0,0,15,1559.6,0,0.033846154,0,0,0,1,6,2,4,1,1,3
4,64.5,0,0,17,145.5,0.0125,0.025,0,0,0,1,8,2,2,4,8,3
1,128,2,136.1714286,13,847.6142857,0.013333333,0.021666667,0,1,0,1,9,3,2,8,4,3
0,0,0,0,10,273.75,0.02,0.053333333,0,0,1,1,8,1,1,2,8,3
10,363.3333333,0,0,59,2012.900794,0.001538462,0.011431235,54.65714872,0,0,1,7,1,5,1,4,3
0,0,0,0,3,15,0.066666667,0.133333333,0,0,0,1,8,2,2,1,3,3
7,92.5,0,0,48,1681.52381,0,0.016993464,53.988,0,0,1,7,2,2,2,2,3
2,75.6,1,11,28,2074.929524,0,0.016935484,0,0,0,1,9,2,4,3,2,3
0,0,0,0,1,0,0.2,0.2,0,1,0,1,2,1,1,6,2,3
0,0,0,0,29,617.5,0.006896552,0.01954023,0,0,0,1,6,2,2,3,10,3
0,0,0,0,1,0,0.2,0.2,0,0,0,1,2,8,13,9,20,2
2,196.6,0,0,0,0,0,0.033333333,0,1,0,1,8,3,2,9,5,1
1,2,0,0,24,958.25,0.025,0.035,24.34016667,0,0,1,7,2,2,1,6,3
5,62.6,0,0,15,272.5,0,0.011111111,0,1,0,1,9,1,1,1,2,1
2,15,0,0,44,1412.270833,0.004347826,0.015483092,0,0,0,1,2,2,2,1,2,1
0,0,0,0,1,0,0.2,0.2,0,0,0,1,2,2,2,8,3,3
2,38.04,0,0,8,886.57,0,0.030769231,0,0,0,1,8,1,1,1,2,3
8,125.6309524,6,75,312,13379.36658,0.002769231,0.014969192,8.055833998,0,0,1,2,2,2,4,2,3
5,52.5,0,0,24,1365.5,0.002777778,0.03,0,1,0,1,7,2,7,7,4,3
0,0,0,0,5,143.5,0,0.04,0,0,0,1,6,2,5,3,3,3
0,0,0,0,38,1251.932143,0,0.011302211,0,0,0,1,8,1,1,1,1,3
10,700.6333333,0,0,29,4897.845238,0,0.015740741,0.700155006,1,0,1,10,3,2,1,5,3
1,33.5,0,0,18,1169,0,0.011764706,54.38258659,0,1,1,2,2,4,7,2,1
0,0,0,0,6,4,0.142857143,0.157142857,0,0,0,4,7,3,2,1,13,3
10,1251.2,7,250,414,23888.81,0.009900332,0.027062016,1.033757336,0,0,1,10,2,2,4,13,3
0,0,0,0,4,17,0,0.075,0,0,0,1,6,2,2,1,1,3
1,69,1,4,17,319,0,0.010526316,0,1,0,1,7,2,2,9,2,3
0,0,0,0,14,598.4333333,0.014285714,0.035714286,0,0,0,1,4,2,4,9,3,3
1,4,0,0,13,152.6666667,0.033333333,0.083333333,0,0,0,1,7,2,2,3,6,3
1,0,0,0,4,31,0,0.05,0,1,0,1,6,2,2,2,10,3
5,92.75,1,74.75,84,2756.215152,0,0.002462121,0,1,0,1,6,2,2,9,3,1
0,0,0,0,5,120.79,0,0.00952381,11.80891356,0,1,1,5,2,2,1,2,3
0,0,0,0,1,0,0.2,0.2,0,1,0,1,7,1,1,1,3,3
8,123,0,0,8,95,0.009090909,0.027272727,0,0,0,3,7,1,1,5,2,1
0,0,0,0,7,147.25,0.028571429,0.045714286,0,0,0,1,6,1,1,6,3,3
6,160.0952381,3,94.5,47,1682.870247,0.001333333,0.007891429,5.698642857,0,1,1,6,3,2,6,10,3
0,0,0,0,48,2215.866667,0.001041667,0.019583333,0,0,0,1,7,4,1,1,4,3
3,17.94545455,1,6,18,268.4525974,0,0.014267677,0,0,1,1,9,2,2,1,2,3
0,0,0,0,22,348.5,0.004545455,0.022727273,0,1,1,1,8,2,2,1,1,3
0,0,0,0,22,494.6333333,0,0.004545455,42.29306752,0,1,1,8,2,2,1,2,1
0,0,0,0,43,654.0666667,0,0.029844961,0,0,0,1,4,2,2,7,3,3
0,0,0,0,34,1401.458333,0,0.023529412,0,0,1,1,8,2,2,9,11,1
0,0,0,0,3,255,0,0.066666667,0,0,0,1,5,2,2,3,4,3
8,152.3333333,0,0,25,481.1666667,0,0.005,0,0,0,1,7,2,2,4,3,3
3,139,0,0,35,631.9333333,0.005263158,0.015789474,0,0,0,1,8,1,2,1,2,1
2,24,0,0,28,1206.614719,0,0.023222222,5.417644444,0,1,1,6,2,2,1,2,3
7,60,3,23,111,2524.501905,0.001694915,0.018834175,6.445051499,1,0,1,6,3,2,1,2,3
0,0,0,0,32,2180.933333,0.00625,0.032291667,0,0,0,1,2,4,2,3,1,3
3,35.5,0,0,14,241.7692308,0,0.020416667,0,0,0,4,7,3,2,3,2,3
1,12,0,0,6,74,0,0.028571429,0,0,0,1,6,1,1,1,10,3
0,0,0,0,1,0,0.2,0.2,0,0,0,1,8,4,1,4,3,3
0,0,0,0,1,0,0.2,0.2,0,0,0,1,2,2,2,8,1,3
0,0,3,101,7,208.5,0,0.025,0,0,0,1,7,2,2,1,5,1
7,109.5,0,0,25,349.6969697,0,0.019047619,0,0,0,1,9,1,1,1,2,3
0,0,1,8,21,936.6428571,0.004545455,0.008987603,0,1,0,1,8,1,1,3,2,3
0,0,0,0,2,8,0,0.1,0,0,0,1,5,2,4,6,3,3
0,0,0,0,2,222,0,0.1,0,1,0,1,3,2,6,1,2,3
7,65.83333333,0,0,7,156.8333333,0,0.02,0,0,0,1,7,2,4,1,2,3
1,5,0,0,29,3441.439286,0.007142857,0.005654762,0,0,0,1,2,3,2,8,10,3
0,0,0,0,16,1599.266667,0,0.013333333,0,0,0,1,7,4,2,2,13,3
0,0,0,0,4,226.8,0.04,0.06,12.83702398,0,1,1,8,1,1,6,2,3
1,22,0,0,9,415.25,0.033333333,0.048148148,0,0,0,1,6,3,3,1,1,3
0,0,0,0,2,44,0,0.1,0,0,0,1,7,2,2,3,6,3
4,155.5,0,0,13,474.8333333,0,0.00625,0,0,0,1,6,3,2,1,1,3
0,0,0,0,6,551,0.033333333,0.05,0,0,0,1,6,1,1,3,1,3
0,0,0,0,11,546.75,0.036363636,0.054545455,0,0,0,1,8,2,2,5,1,3
2,149.5,0,0,6,326,0,0.014285714,0,0,1,1,2,1,1,1,2,1
6,143.1666667,0,0,50,925.947619,0,0.010160428,13.60512012,0,1,1,6,2,2,1,2,3
1,111,0,0,13,274.5833333,0,0.016666667,0,0,0,1,8,1,1,1,2,1
0,0,0,0,12,103,0.133333333,0.166666667,0,0,0,4,7,2,2,1,3,3
2,20,0,0,17,584.5,0,0.011111111,0,0,0,1,6,2,2,9,2,3
